5000
392
232
362
916
623
493
76
296
348
990
593
266
900
198
314
611
900
718
872
779
388
4
683
956
164
7
530
544
294
465
436
413
155
958
397
335
172
48
854
585
795
153
8
432
250
897
671
907
561
604
491
18
888
258
67
160
242
457
122
306
280
336
538
116
228
570
25
883
209
302
328
738
510
748
833
26
61
429
663
374
881
660
919
352
33
879
141
761
921
824
902
995
536
977
303
718
124
854
662
324
269
692
65
60
859
583
712
501
587
250
53
311
168
146
35
55
803
78
497
2
383
897
611
448
593
958
295
371
342
549
602
623
871
171
352
884
959
288
575
596
854
543
435
441
618
830
354
506
36
693
790
519
640
407
684
935
151
957
32
348
486
812
343
897
554
232
193
4
500
650
264
860
837
463
199
709
627
743
243
807
212
59
300
695
471
636
637
48
730
275
897
83
629
327
259
851
957
366
985
988
855
141
218
834
295
529
740
227
824
764
479
452
787
402
420
203
917
611
215
16
918
140
89
588
701
477
74
707
944
263
967
781
319
126
649
304
475
457
3
917
749
625
178
38
186
493
573
388
743
252
32
0
678
635
315
620
359
694
102
36
224
518
128
416
5
671
522
686
772
62
346
97
30
372
109
189
733
61
495
311
774
570
818
916
652
824
740
343
707
866
147
592
265
122
660
433
487
358
238
604
536
533
240
991
826
455
824
728
202
296
575
657
175
312
930
460
929
782
563
292
439
120
150
658
377
178
784
933
696
59
357
211
559
761
233
442
70
323
931
511
491
532
358
418
505
162
862
754
764
927
680
510
459
197
145
869
715
363
699
453
57
154
546
656
727
765
402
136
877
911
325
172
920
528
825
244
321
37
959
92
121
794
906
834
630
305
542
221
980
265
339
980
353
642
250
285
507
359
379
973
685
404
243
639
696
109
514
15
942
159
961
337
720
780
960
186
430
170
324
316
541
708
994
646
377
297
273
363
389
476
770
298
24
683
862
687
544
530
422
473
789
902
589
375
898
965
195
475
340
821
394
408
546
22
647
638
476
707
345
709
770
318
322
288
342
677
4
10
437
531
404
75
781
50
981
220
811
786
562
6
947
916
111
501
477
278
444
620
381
848
45
905
355
603
283
595
892
709
291
350
91
871
180
670
267
402
492
127
266
735
785
265
552
549
118
238
773
461
586
650
71
424
863
358
72
826
628
695
45
603
19
440
407
448
309
974
719
700
268
368
623
463
791
944
34
173
232
137
297
293
474
760
399
699
879
59
128
399
396
713
496
918
750
187
818
140
753
544
181
608
850
852
675
914
222
555
439
556
88
170
273
684
198
423
905
27
91
774
26
474
989
229
585
262
720
71
761
654
937
248
328
334
743
332
752
353
244
74
23
152
366
778
286
765
888
577
759
289
40
2
357
843
403
642
7
494
474
653
830
51
389
631
637
430
651
958
831
303
480
914
944
113
955
505
978
961
962
902
670
887
765
744
791
461
649
197
591
707
833
70
814
591
205
154
995
499
1
809
130
323
252
307
661
720
501
551
968
140
974
193
641
477
387
429
500
706
445
360
306
661
18
814
140
477
113
181
34
947
156
792
615
694
744
415
590
592
845
827
227
340
285
389
481
90
56
331
169
700
323
911
4
664
297
307
463
393
24
885
810
445
471
386
211
398
578
189
537
952
330
612
991
7
162
361
249
701
802
483
534
957
899
184
921
557
179
226
60
162
798
735
357
793
940
537
566
777
26
465
192
215
59
304
444
989
153
251
155
227
310
497
55
133
431
280
116
545
969
36
658
916
534
148
928
997
647
699
740
284
7
711
906
442
695
291
416
348
447
955
30
253
509
484
238
929
53
27
833
934
353
34
443
80
31
597
351
778
502
51
531
344
519
397
23
766
729
725
205
343
542
159
739
68
109
751
389
835
155
798
454
177
574
628
216
389
856
311
607
247
591
478
491
243
4
595
486
221
594
411
444
997
551
608
916
57
962
45
503
565
984
74
587
252
189
524
179
972
571
693
374
904
960
657
236
165
157
312
65
782
450
999
152
2
123
108
418
414
898
375
38
374
790
527
722
559
90
586
536
861
279
510
398
454
289
704
341
661
545
452
116
59
999
664
580
295
829
931
105
849
80
212
742
452
507
475
652
155
18
924
673
139
474
65
163
455
679
277
837
290
651
480
306
647
57
8
963
93
695
49
69
408
227
711
718
107
37
36
465
759
661
490
807
996
809
353
444
661
381
597
347
551
464
30
93
755
261
78
448
459
229
50
99
768
178
328
662
251
884
536
211
61
648
41
953
896
572
867
845
260
640
539
957
735
626
897
269
2
496
366
453
105
180
537
341
359
117
871
829
8
158
532
255
801
40
919
686
949
982
834
967
206
868
816
276
451
195
987
144
107
295
445
54
709
389
141
582
878
217
560
405
924
13
561
882
63
185
197
936
977
408
277
33
621
1
321
971
89
952
191
346
670
884
22
664
524
91
754
693
471
338
905
241
581
185
173
99
552
640
673
580
767
310
406
154
201
736
987
32
979
487
865
84
938
50
4
789
673
912
577
602
555
963
465
346
745
920
791
745
368
23
452
634
78
760
111
808
66
878
793
398
782
128
417
342
76
365
348
780
895
368
864
305
113
279
433
851
892
827
415
911
769
418
401
949
648
785
619
64
178
93
784
336
243
44
483
517
214
475
847
442
143
623
708
323
462
825
473
864
852
747
844
653
147
947
16
201
814
471
871
919
807
197
399
32
456
238
287
683
868
657
20
444
876
134
745
541
738
260
641
280
994
859
573
844
219
166
551
198
682
236
883
476
976
279
53
143
750
37
673
525
169
967
548
714
867
961
917
560
548
193
814
175
369
302
811
274
27
206
871
431
345
501
708
994
725
955
330
446
624
542
316
331
81
15
43
217
613
311
327
146
86
783
683
997
181
213
320
575
619
213
282
734
870
534
878
200
910
665
129
921
409
137
592
664
472
461
705
621
59
394
627
713
556
272
530
635
606
529
16
266
154
417
160
634
454
635
168
471
67
741
796
350
103
383
297
104
238
528
984
757
332
59
871
38
103
446
500
752
107
718
557
359
984
175
262
624
53
877
645
379
429
107
311
703
284
680
839
996
751
30
202
934
91
145
574
847
742
718
274
734
686
160
802
364
569
315
192
333
115
624
741
276
707
972
960
456
742
577
0
461
582
265
956
176
836
348
942
361
947
581
61
177
108
934
636
86
891
916
422
226
16
206
215
222
918
721
585
248
778
228
325
665
914
807
378
633
315
388
976
687
645
329
392
126
571
526
171
624
258
709
774
288
309
63
936
381
935
151
801
586
358
917
587
819
569
339
6
173
132
61
333
941
50
166
739
948
506
127
527
629
739
980
355
974
535
448
364
159
839
838
714
267
600
942
583
202
105
756
638
981
44
498
904
59
23
279
333
391
155
951
459
824
483
847
551
718
416
566
981
461
915
458
659
175
700
521
218
818
713
178
665
955
661
80
696
175
653
295
815
452
316
893
867
619
200
926
912
201
53
380
809
838
157
100
284
475
721
179
15
535
221
452
80
952
22
74
152
403
312
892
244
213
944
31
850
566
838
359
438
535
738
632
719
203
723
314
807
224
8
294
678
313
14
953
249
527
250
900
730
391
807
932
960
581
366
38
181
111
751
497
29
313
843
83
696
27
506
572
430
782
179
169
759
691
278
264
100
273
666
661
933
864
575
612
463
476
547
164
732
775
449
420
469
755
123
772
599
140
415
347
638
411
868
17
717
376
791
655
279
93
112
178
995
487
202
189
786
528
785
275
979
575
344
17
353
702
39
295
424
132
654
153
484
625
957
451
578
502
1
297
88
491
720
288
178
687
246
975
880
875
371
549
430
98
17
90
507
963
871
238
498
896
837
922
363
92
528
407
14
913
316
491
455
321
568
739
658
204
191
525
91
438
628
158
314
280
967
707
436
505
476
687
595
771
108
906
618
686
106
575
800
229
396
418
21
577
703
290
705
76
68
114
383
263
179
941
187
442
314
225
986
326
989
545
695
438
758
751
874
364
143
211
187
392
848
371
89
55
560
888
505
207
740
870
929
17
772
467
269
740
65
833
265
179
611
436
651
24
242
954
929
949
813
414
839
368
426
90
990
382
158
748
454
229
277
70
772
790
684
84
61
370
398
956
169
172
367
878
401
193
133
809
71
108
758
368
163
305
133
607
475
836
857
562
333
910
324
917
833
962
834
355
724
828
784
659
256
742
808
235
472
659
593
119
84
645
620
506
366
698
923
826
464
313
958
239
206
573
783
105
22
321
288
897
289
912
693
209
171
634
569
140
810
424
764
291
284
134
480
875
755
850
260
917
321
286
782
694
982
198
717
913
447
568
704
589
249
201
373
865
428
480
847
380
121
209
244
594
654
753
387
898
688
133
680
997
131
296
124
516
615
932
199
913
247
468
939
246
786
299
76
391
630
108
990
682
313
221
350
259
525
236
145
552
32
758
827
977
731
168
696
822
684
973
905
627
271
919
889
371
98
590
521
609
631
44
955
908
295
936
773
503
122
55
740
162
15
637
608
439
925
265
110
690
404
399
41
31
883
713
386
513
378
835
952
192
108
102
408
839
192
935
428
214
911
136
832
655
351
149
93
350
499
65
79
964
631
978
981
225
202
352
917
797
394
907
560
179
61
981
194
110
473
940
179
865
320
330
411
336
491
960
675
239
849
881
470
995
566
603
233
979
851
393
511
355
277
32
41
545
306
31
974
75
700
132
218
76
964
483
527
488
736
930
143
936
394
508
599
133
338
405
217
420
121
0
856
256
908
448
306
252
19
907
421
189
674
632
169
224
270
758
644
759
902
939
933
708
233
54
541
551
136
160
452
322
114
575
608
511
405
873
922
745
273
565
967
131
428
288
793
457
722
684
69
833
354
376
324
943
82
954
93
511
981
307
355
236
493
489
333
938
114
189
22
903
357
602
778
383
137
558
914
774
832
596
561
91
528
679
490
140
348
946
832
346
948
353
701
939
189
783
267
304
31
690
654
696
248
979
837
882
179
326
386
97
561
797
578
21
562
880
778
243
526
74
591
806
610
459
434
855
245
663
312
761
737
133
919
454
683
675
289
12
543
540
580
946
691
213
189
239
917
527
775
978
669
96
167
478
330
2
77
328
581
110
561
462
827
712
949
287
442
340
649
116
641
878
459
468
491
316
64
435
332
587
41
661
513
979
679
108
168
835
329
95
228
138
331
406
647
377
680
809
166
502
617
143
91
660
172
926
262
833
336
486
396
626
981
483
338
264
715
901
914
121
371
164
670
581
151
343
282
950
970
56
818
278
762
568
644
316
945
830
565
964
919
174
740
815
452
104
125
415
36
950
678
895
58
361
43
512
637
843
921
227
356
685
55
409
644
238
552
297
429
946
616
328
531
527
251
745
377
816
610
669
280
164
610
972
360
870
125
911
244
963
942
285
690
554
910
949
910
767
424
407
872
457
505
954
884
941
597
240
244
158
484
562
201
574
194
551
856
146
137
184
493
928
86
192
390
304
139
347
631
73
450
802
140
688
942
122
444
41
969
806
271
317
273
135
697
545
316
313
605
378
941
868
433
544
803
520
793
160
416
719
342
574
947
129
511
719
263
528
421
32
385
289
131
372
232
601
14
81
725
77
405
591
440
70
113
500
643
245
477
156
964
881
161
269
338
728
128
760
486
206
451
179
600
660
682
736
641
232
949
651
501
299
915
269
214
742
260
49
367
429
119
98
966
845
116
480
715
56
448
20
80
377
399
672
761
989
8
848
179
20
317
483
280
775
893
962
292
132
392
19
156
589
479
395
781
947
281
531
795
16
701
360
396
876
731
599
815
886
825
602
700
940
333
312
964
221
131
540
715
657
772
547
787
973
327
236
410
688
624
359
889
662
837
969
500
619
862
406
658
288
161
920
694
461
347
219
455
588
466
24
567
571
39
436
787
511
571
768
811
512
952
62
833
60
165
569
439
991
470
363
332
998
873
963
2
705
437
749
612
772
579
554
985
683
131
668
589
400
321
761
618
637
803
10
692
809
693
262
875
857
131
743
670
919
543
805
330
291
513
467
98
187
962
304
829
57
549
375
693
469
381
845
939
157
860
868
826
202
935
386
988
344
410
901
978
973
652
853
282
87
498
321
482
999
509
644
845
602
435
864
872
975
298
523
289
424
388
553
514
117
520
113
531
977
850
797
454
249
637
415
399
14
547
902
859
564
861
166
900
214
148
13
726
264
126
216
75
336
294
899
263
130
350
723
214
72
339
755
402
556
432
160
585
830
773
867
640
898
655
911
738
531
532
313
306
621
19
942
144
787
618
216
32
839
525
437
568
160
309
986
970
185
55
235
422
166
922
404
831
8
53
45
599
718
261
174
704
823
131
766
469
754
872
882
847
325
942
664
880
291
997
506
403
942
873
550
554
927
580
564
982
809
371
61
174
474
685
275
654
813
203
456
462
89
489
674
842
92
534
130
847
308
724
522
570
536
929
236
965
896
904
276
885
551
22
51
556
452
398
941
600
586
452
272
567
479
224
250
178
900
913
214
356
30
883
429
549
257
874
814
880
462
492
311
139
605
557
347
824
721
767
517
523
364
770
161
843
607
789
528
994
801
82
436
900
755
353
74
695
57
556
169
656
323
930
545
250
94
970
99
102
742
929
347
500
359
467
656
53
816
684
108
718
560
711
562
639
820
594
473
631
289
380
379
160
335
677
614
158
388
26
222
909
96
598
239
273
676
127
749
563
692
12
825
425
209
212
534
716
207
550
775
764
618
770
241
297
980
691
851
684
985
144
597
948
491
610
883
887
315
747
826
513
211
705
687
563
99
401
586
44
38
700
371
466
397
281
882
112
73
921
139
943
379
483
95
88
108
841
814
140
253
520
445
963
604
615
144
475
565
201
329
701
805
313
825
545
159
743
255
462
76
517
450
962
95
984
537
747
620
617
934
810
563
436
149
924
365
598
829
498
483
566
658
657
288
436
961
534
914
877
883
303
273
553
689
166
247
713
654
721
529
379
580
883
661
147
446
344
713
678
970
126
500
100
785
453
259
547
850
440
310
449
459
115
271
417
856
709
788
807
358
333
295
234
790
681
146
459
922
827
376
167
716
150
123
109
438
663
627
665
556
143
323
779
620
169
369
591
509
337
173
411
414
692
974
821
975
74
670
686
166
705
374
750
848
337
623
139
878
384
189
635
708
319
852
195
975
790
228
383
477
443
408
425
402
545
357
651
152
293
701
383
225
951
418
283
958
16
112
324
559
478
315
87
217
468
68
923
856
524
103
657
446
666
508
124
235
719
441
167
124
734
889
43
381
789
763
541
725
711
49
410
83
432
98
282
489
321
464
513
236
244
664
888
375
352
165
323
634
523
503
93
206
475
899
393
180
5
654
273
118
295
705
977
593
92
713
387
167
481
826
19
788
936
214
849
345
845
120
956
113
792
858
78
574
727
356
887
448
500
911
773
924
538
739
263
243
852
832
872
121
135
123
455
396
916
959
415
861
260
247
686
572
19
468
286
841
923
65
940
870
621
271
538
304
653
629
720
918
471
65
180
557
127
665
832
569
916
54
101
132
940
512
208
622
439
162
764
948
599
775
324
150
785
431
470
949
841
34
734
658
510
870
580
906
350
22
665
412
548
477
167
601
972
360
944
762
16
83
852
235
901
596
353
577
758
478
693
260
145
408
14
50
806
275
663
350
227
77
205
594
858
451
903
750
256
251
522
766
0
566
718
250
627
96
452
469
188
984
649
741
543
908
959
891
881
561
43
816
410
824
606
117
139
572
956
984
412
542
611
803
752
789
143
661
487
626
51
936
912
806
288
835
78
985
609
941
342
658
504
845
259
642
332
395
117
616
53
358
415
812
294
103
76
301
728
640
888
479
427
842
32
944
431
402
885
403
283
276
216
911
711
527
449
972
696
478
38
841
174
23
573
876
853
740
798
232
178
120
961
4
257
963
460
864
190
579
686
793
86
140
270
47
315
334
549
617
619
44
881
40
229
112
612
211
359
310
683
154
632
587
875
651
542
763
405
671
685
688
356
108
406
591
283
496
503
524
133
895
171
841
628
475
571
984
476
180
715
859
195
794
266
258
398
517
779
529
186
484
949
112
860
545
363
644
678
671
785
453
819
932
463
346
74
55
766
472
721
124
32
938
454
417
640
711
295
689
4
951
773
313
640
684
741
560
571
254
488
711
895
407
543
751
709
518
834
185
161
314
319
144
992
155
324
393
281
582
730
1
376
391
175
609
615
441
250
22
97
524
900
755
730
514
757
160
106
667
866
112
230
564
323
146
933
912
808
533
786
487
883
189
331
741
942
753
749
497
821
376
40
249
966
796
74
122
796
353
120
895
187
188
354
623
276
772
706
365
990
228
522
472
157
493
336
204
369
270
588
814
121
526
117
344
721
550
950
290
605
632
881
4
906
449
16
946
270
214
676
284
465
325
562
262
63
34
959
764
559
877
190
287
914
517
264
830
142
247
325
934
401
712
355
970
926
213
42
368
227
998
190
309
976
409
293
687
529
525
328
585
856
465
913
478
347
123
104
56
2
689
65
362
98
190
755
259
204
862
92
354
828
759
304
519
360
750
401
134
941
351
215
35
504
18
280
648
882
826
544
242
0
110
461
895
956
157
454
881
898
308
864
902
450
241
790
151
564
65
14
139
27
219
914
429
515
21
985
616
421
447
232
437
389
247
240
700
55
573
499
566
435
940
683
420
3
926
57
458
416
126
733
940
2
162
837
13
536
967
883
118
956
620
767
421
711
571
390
804
199
939
262
914
973
187
598
196
805
134
867
592
171
753
5
256
13
529
137
69
846
602
165
930
261
188
449
900
162
783
889
278
149
180
166
884
64
88
110
250
551
754
70
620
557
573
419
568
25
884
569
512
541
902
524
639
600
35
310
876
609
179
29
936
164
896
288
852
38
387
938
486
394
745
780
72
237
706
501
389
365
160
236
687
422
521
442
49
670
589
141
89
109
888
32
365
787
736
93
699
321
34
389
683
139
816
491
509
445
496
259
548
554
547
105
735
333
972
259
97
213
594
448
759
17
662
143
148
808
263
745
239
163
527
429
100
320
456
743
687
421
844
27
665
474
619
788
605
271
78
71
27
545
305
279
823
254
902
920
997
9
983
379
821
261
164
990
495
6
121
808
776
286
692
725
443
15
198
684
307
147
942
519
850
935
430
798
672
66
357
72
570
122
731
787
341
288
393
693
604
801
586
483
753
889
524
459
124
767
58
463
249
641
940
601
45
891
898
716
696
405
835
172
321
95
680
565
334
771
515
969
443
185
900
669
523
540
70
756
185
661
227
892
286
231
744
574
883
714
71
88
958
802
74
893
825
551
297
69
513
896
524
848
702
104
12
56
170
244
793
867
911
97
139
566
186
416
502
232
289
235
270
413
151
975
57
334
213
927
711
169
574
235
977
205
974
20
18
419
827
520
163
463
334
652
358
456
841
994
1
217
74
732
369
352
401
20
85
391
440
670
147
148
636
207
630
879
343
314
675
858
460
199
782
408
190
212
8
989
739
428
70
975
486
2
248
480
953
783
980
253
691
838
880
308
483
641
303
34
867
665
492
586
443
335
227
781
449
913
285
948
309
401
857
234
711
285
477
497
794
159
19
0
183
98
666
92
479
784
305
36
607
295
914
699
4
293
43
207
839
941
368
685
615
138
304
339
274
304
143
724
145
423
98
551
603
908
19
933
931
288
418
840
257
898
97
853
793
906
710
218
526
363
76
347
231
46
998
371
46
657
857
934
326
974
581
510
68
465
52
510
952
554
145
380
998
545
633
839
560
321
485
91
364
443
727
720
843
873
728
569
866
150
246
190
697
43
382
195
914
418
150
287
857
550
851
933
107
987
500
225
748
296
940
680
1
38
975
197
679
598
882
491
184
539
880
983
337
186
746
363
332
990
257
855
949
435
730
159
344
202
789
676
440
239
829
475
396
462
729
374
276
462
992
53
268
328
298
280
259
995
718
449
520
661
893
261
376
478
102
253
991
376
356
405
125
140
412
23
267
598
757
352
170
554
899
379
448
207
839
977
820
675
143
22
488
322
114
263
391
203
211
764
158
175
244
545
590
123
622
600
461
363
951
763
949
62
993
51
4
345
726
42
529
19
238
386
405
314
495
221
380
479
976
335
991
620
272
447
341
958
386
363
912
792
41
619
910
564
433
965
290
773
5
182
989
958
959
653
51
699
807
368
504
772
85
23
662
827
241
130
452
169
431
105
716
197
216
715
90
115
689
498
384
294
663
919
587
2
391
160
295
588
399
123
102
29
312
317
748
813
165
632
67
694
81
844
702
985
304
843
60
536
280
253
15
362
988
4
703
719
624
972
600
161
679
832
703
246
316
77
374
536
453
728
955
313
451
761
532
743
678
95
232
489
491
959
209
143
796
177
530
111
978
332
462
840
543
16
65
221
915
646
644
550
138
681
628
517
85
600
816
980
777
661
610
650
273
215
340
259
706
192
402
768
248
697
134
860
362
120
640
807
698
412
229
851
316
983
451
103
55
657
203
549
584
120
992
249
718
176
816
985
731
687
741
529
775
94
150
197
273
745
757
246
998
923
510
807
902
873
496
450
637
694
762
136
162
948
193
655
433
189
658
780
789
575
234
24
429
645
19
752
18
758
982
517
808
569
107
545
565
591
482
237
440
748
173
557
473
18
443
514
395
581
413
418
38
419
372
961
686
118
561
872
80
905
924
72
823
565
602
610
664
103
889
13
644
867
669
874
746
529
440
755
136
947
580
91
150
712
963
699
470
100
224
831
941
455
65
434
232
308
122
494
767
777
864
102
718
791
254
703
687
375
957
702
827
719
163
988
802
60
360
948
651
249
923
684
846
946
375
620
972
135
529
580
40
494
376
586
759
361
284
801
886
430
249
85
560
103
936
459
624
352
148
414
308
967
382
176
256
172
661
271
370
837
944
926
791
571
451
963
590
751
223
645
813
16
51
135
700
876
719
743
184
717
154
910
60
52
806
592
445
588
824
771
443
43
319
933
668
836
381
73
652
321
734
26
372
724
27
516
419
515
881
797
961
487
231
89
707
854
27
264
732
437
553
660
448
506
261
462
441
202
351
967
40
783
243
262
624
447
413
597
6
179
297
308
761
153
344
764
626
614
490
253
781
399
849
872
705
242
504
171
470
569
768
486
337
529
14
567
781
107
866
419
985
824
364
144
216
369
124
268
939
133
201
859
485
356
710
982
424
814
897
181
5000
436
714
933
563
815
645
426
724
455
617
951
676
800
880
845
898
923
430
682
687
216
918
770
940
710
288
922
444
570
590
837
695
227
736
975
493
481
732
529
800
817
584
544
651
885
843
750
840
522
331
262
854
996
525
710
432
810
544
669
749
407
628
415
919
518
296
895
654
748
315
478
634
259
687
727
824
538
755
464
788
860
591
833
465
122
798
411
204
448
892
582
819
900
524
956
922
319
752
931
760
942
731
546
873
489
599
491
824
953
612
493
546
807
788
932
295
133
211
710
737
259
654
611
873
763
578
906
828
483
474
482
776
696
849
641
745
761
530
312
918
699
958
878
251
854
906
834
864
747
546
722
409
620
924
486
518
591
499
657
477
866
678
672
899
492
520
913
668
883
260
849
428
858
940
547
995
946
923
472
663
708
804
514
438
908
987
761
873
867
820
562
685
898
257
760
957
446
939
549
512
696
464
922
833
705
578
301
931
912
801
908
770
572
923
940
157
927
534
550
952
923
902
755
540
938
801
803
909
908
593
571
807
685
586
666
588
949
962
538
764
367
887
495
848
546
617
255
457
473
945
976
484
654
658
874
664
778
892
947
640
807
268
742
979
229
491
131
575
786
275
714
314
948
216
818
779
862
898
790
624
998
564
268
957
665
886
741
685
473
881
508
777
778
788
826
868
785
286
515
641
322
202
702
250
961
817
876
937
737
958
610
698
602
624
683
477
997
935
758
825
521
930
699
843
190
847
964
978
649
673
342
860
949
883
573
546
733
892
948
837
873
446
878
994
504
836
759
580
112
832
641
433
984
837
985
973
733
837
740
831
322
996
885
365
436
781
991
572
326
953
899
774
798
614
920
380
893
708
709
736
799
951
682
927
639
958
781
987
148
778
584
322
617
632
431
767
535
893
955
957
113
742
849
670
939
799
621
982
934
906
996
753
924
815
741
709
706
244
124
243
820
763
649
787
725
197
717
130
801
488
519
864
629
198
978
776
665
806
636
918
760
704
712
136
864
945
955
205
959
678
935
920
82
995
793
520
643
43
713
382
931
358
757
490
898
733
600
520
270
587
693
804
850
512
592
486
855
667
744
824
902
983
528
200
904
576
942
684
822
230
717
753
501
297
967
582
602
820
277
934
903
471
628
828
770
480
812
146
230
766
702
184
662
915
899
662
978
480
943
686
798
792
489
464
972
351
498
508
321
99
765
815
741
482
277
875
745
436
615
609
887
889
510
930
867
278
550
392
926
901
683
958
970
367
657
339
992
531
912
563
390
978
773
864
889
650
951
985
697
871
705
804
800
819
704
748
632
764
437
731
415
587
830
369
188
938
984
345
457
832
596
683
880
738
745
943
946
598
992
357
579
110
439
493
175
978
487
705
959
70
918
810
969
424
683
969
184
653
324
998
968
404
758
799
581
960
854
990
993
231
641
278
882
729
965
346
180
388
539
250
505
896
970
488
979
509
992
685
873
139
862
817
523
271
254
962
569
266
488
959
353
216
345
604
732
691
443
730
90
792
923
607
834
898
672
638
719
877
540
874
913
616
443
916
991
663
821
594
873
729
581
635
272
583
783
475
964
949
651
941
908
658
825
948
566
950
577
472
540
966
930
994
258
990
822
557
945
998
575
878
866
345
660
494
935
505
751
405
834
832
695
273
870
949
833
461
441
941
263
893
644
435
555
730
937
724
557
239
969
983
235
908
988
605
614
632
109
481
559
798
56
893
668
325
624
233
282
700
256
757
296
945
931
457
789
908
901
414
639
432
800
245
608
988
829
918
780
876
813
975
865
763
857
576
806
536
881
681
644
746
988
361
872
142
835
973
508
472
983
957
888
953
782
617
603
589
398
169
818
485
581
538
915
747
727
759
871
745
274
311
434
174
761
760
852
910
685
776
593
969
458
473
766
918
584
428
787
691
937
727
994
787
298
409
731
640
461
176
990
413
919
849
266
952
448
807
363
114
563
974
825
512
135
757
298
947
238
714
374
899
677
171
675
340
860
915
605
855
494
546
168
666
927
423
875
788
173
808
764
378
375
370
527
231
797
302
877
636
237
907
802
725
837
742
979
792
198
809
834
373
670
510
779
744
554
379
755
883
427
822
898
546
368
364
754
991
927
530
708
716
614
689
212
580
183
385
848
916
354
754
743
351
898
768
450
794
895
874
866
893
993
812
610
809
613
638
750
348
485
803
845
894
934
743
925
780
784
216
435
717
664
696
833
558
950
704
530
832
628
844
757
921
898
998
153
904
730
680
751
536
721
801
825
882
823
588
662
616
270
533
812
943
569
442
921
769
515
939
246
937
989
637
976
204
906
469
978
556
673
953
874
917
840
933
956
782
771
605
841
388
981
947
867
939
338
886
990
744
368
693
739
915
379
450
859
641
979
537
699
786
748
842
982
742
667
677
772
792
995
737
227
702
878
347
750
995
206
838
961
484
954
443
946
641
453
678
314
709
878
909
923
409
308
310
722
778
994
675
808
733
630
665
338
642
906
880
725
885
799
980
506
884
872
735
432
64
845
948
834
552
508
967
757
291
849
700
540
332
453
800
968
954
956
730
625
622
587
834
687
981
686
111
369
758
317
229
747
529
607
309
612
984
584
703
947
899
885
741
221
803
165
970
534
862
806
866
928
309
317
919
538
560
813
143
803
616
736
295
694
699
607
437
601
606
988
473
699
963
911
318
811
550
514
590
759
694
944
924
922
965
766
928
353
746
796
422
964
187
885
992
327
812
490
331
341
979
447
355
636
894
314
934
689
826
449
728
432
491
846
387
655
775
831
921
773
624
748
654
846
963
367
886
809
570
632
168
732
230
537
962
570
271
833
886
889
763
922
562
620
795
895
198
667
405
628
952
609
710
951
934
356
945
702
914
633
959
912
980
592
299
603
790
986
477
606
974
736
977
674
504
791
972
341
327
683
9
633
819
306
100
559
869
878
905
929
936
634
817
547
743
829
927
637
937
563
908
862
452
811
958
403
627
957
774
194
305
292
776
749
989
878
317
703
893
686
855
907
802
707
272
856
914
859
581
249
545
879
80
929
896
994
865
411
183
821
985
897
996
517
820
439
265
825
893
882
547
981
414
562
391
837
387
541
796
704
609
801
545
510
682
866
966
206
652
426
745
924
521
789
473
979
371
683
814
622
143
855
723
996
854
639
353
964
791
301
966
729
377
903
743
866
83
207
687
738
423
948
522
934
886
450
319
780
871
860
843
778
940
427
643
792
999
642
988
845
585
931
824
157
304
717
649
589
620
821
646
627
128
644
788
455
748
786
556
568
592
796
948
424
938
471
757
817
774
693
715
926
965
685
858
671
481
657
767
322
866
942
297
779
869
489
888
438
375
449
775
384
707
629
992
583
739
944
991
788
818
993
939
71
277
237
891
953
623
889
369
618
773
672
758
678
693
664
661
810
878
697
996
802
877
864
490
452
891
900
948
644
728
900
534
930
836
793
800
380
453
820
671
965
954
519
343
263
655
875
500
766
562
933
966
969
580
772
807
710
903
993
807
971
775
874
501
841
829
788
903
900
528
934
870
387
866
669
935
485
955
863
859
395
999
944
361
700
165
870
788
487
134
635
907
407
398
482
632
839
661
870
468
670
257
828
928
622
991
518
430
691
932
634
217
607
863
540
593
810
947
448
995
706
851
899
932
901
487
887
829
978
267
796
854
930
829
674
583
74
998
165
968
786
848
654
365
831
891
776
720
814
820
916
645
873
663
502
585
788
764
478
674
571
880
824
414
242
947
796
629
742
683
444
160
728
867
310
637
929
928
307
106
384
988
957
880
348
580
819
684
892
327
371
929
595
979
926
760
639
752
479
55
400
784
700
950
511
946
917
547
755
638
361
651
817
675
543
503
909
430
310
711
773
745
584
230
655
214
475
675
898
929
889
900
320
475
996
369
923
633
890
727
874
82
702
298
483
969
679
468
838
657
989
495
999
989
524
595
99
612
575
584
900
249
496
733
648
676
880
298
930
750
984
628
367
466
893
704
889
956
992
889
92
278
563
239
607
937
342
912
539
686
914
848
749
274
386
926
852
840
419
943
878
942
938
371
558
927
608
119
916
838
572
594
721
802
793
633
941
327
167
607
270
533
868
892
790
505
638
429
381
668
549
433
679
808
913
452
742
217
536
774
651
347
714
470
327
321
162
289
889
363
627
909
685
868
719
766
946
895
166
772
114
749
589
988
954
404
960
176
727
972
984
183
770
221
833
490
842
589
920
520
899
210
835
632
336
896
623
756
802
595
903
246
678
506
904
886
93
758
897
733
678
814
980
787
753
927
649
972
998
809
826
679
578
851
78
885
300
646
843
667
101
276
373
587
399
600
988
215
884
877
309
416
759
700
757
468
442
181
71
887
302
835
682
882
357
471
799
712
328
926
696
966
820
890
728
511
979
885
595
860
676
514
250
956
136
907
470
693
930
657
818
423
755
459
972
334
613
592
495
526
618
234
930
418
374
986
988
572
300
681
739
891
424
900
842
91
591
993
314
691
341
964
802
475
953
574
917
951
996
553
605
896
149
811
381
830
581
809
738
888
576
820
678
658
242
652
689
958
682
989
869
532
746
893
801
778
346
462
654
873
706
215
957
897
815
600
950
696
189
310
836
433
928
868
847
993
869
439
481
745
670
917
569
775
963
732
845
551
988
772
654
742
479
685
977
943
793
326
982
347
656
557
979
732
604
662
686
601
192
868
971
452
377
523
970
303
892
433
585
965
698
351
945
610
413
820
268
646
615
993
645
490
406
695
907
915
418
773
927
565
607
582
994
837
973
241
662
454
468
923
519
696
615
768
853
631
346
560
658
365
541
910
841
803
898
662
402
516
750
600
694
696
767
679
624
678
819
578
976
885
812
903
136
692
744
635
914
755
760
911
993
776
692
918
658
600
394
519
185
400
776
740
390
545
983
528
582
296
992
979
681
853
506
946
226
705
485
905
620
753
956
295
977
670
434
294
513
709
882
769
185
413
987
351
602
819
644
800
353
141
931
844
889
945
416
375
748
599
631
548
748
847
977
756
880
669
592
841
767
663
377
489
813
562
447
743
395
349
609
639
969
762
788
599
971
804
603
584
313
862
893
808
354
661
692
594
836
757
776
496
365
777
131
334
782
596
799
687
942
453
885
23
783
876
847
664
522
661
720
877
544
369
442
968
845
550
805
228
407
860
752
713
715
851
987
266
702
936
508
914
145
497
627
768
679
786
545
577
638
948
921
806
581
176
992
672
882
531
73
701
936
351
378
709
305
825
874
597
641
995
468
589
556
670
346
749
700
671
795
896
990
462
759
970
700
682
516
540
506
981
623
423
772
841
894
756
133
885
205
964
418
599
914
672
766
830
595
888
676
326
440
80
988
259
409
702
865
743
643
886
753
188
413
354
811
163
852
443
917
639
949
368
198
610
324
408
895
884
683
898
345
918
536
767
926
649
303
873
116
374
939
273
945
660
728
494
846
756
897
549
934
124
593
929
524
906
724
899
647
359
227
868
899
142
723
119
231
262
734
483
981
633
299
50
832
490
819
509
830
903
834
900
979
515
955
879
811
773
971
804
847
642
871
664
766
642
988
756
997
961
544
734
257
957
758
168
552
664
140
354
845
597
910
550
739
804
984
927
788
926
201
388
316
945
752
476
292
646
884
885
462
987
863
634
285
765
986
657
435
593
909
671
391
343
192
777
177
156
412
548
894
567
642
775
734
889
933
871
619
998
694
605
798
952
648
592
698
875
704
920
644
990
800
818
909
322
529
666
475
972
715
712
928
671
777
779
254
684
255
758
903
914
714
727
213
736
505
911
709
909
183
896
961
414
714
350
901
520
954
331
616
788
805
586
351
782
859
564
958
443
571
642
769
952
938
862
622
735
475
319
866
315
356
906
84
769
977
847
865
437
233
789
926
923
655
108
475
717
304
137
521
535
690
626
892
976
611
404
306
764
445
594
417
955
979
709
245
901
281
128
857
909
603
394
722
108
770
855
928
833
225
666
932
763
548
774
748
412
422
958
537
831
766
954
800
577
861
842
605
951
740
666
323
847
888
989
581
551
260
757
789
623
777
984
328
358
516
452
465
982
796
508
848
415
565
358
154
411
378
751
288
542
792
918
221
409
554
957
923
492
779
581
643
387
823
211
548
938
998
407
655
791
380
660
755
394
636
690
746
564
970
621
493
997
575
803
910
820
912
520
265
931
650
780
490
572
293
940
738
969
836
427
433
563
581
452
666
976
703
380
673
376
877
750
607
860
421
426
674
609
279
937
930
831
417
935
900
483
978
877
143
644
884
690
474
973
70
968
361
839
800
241
948
787
623
541
341
907
691
919
908
529
816
821
879
563
392
771
133
392
856
887
885
998
535
731
403
997
521
600
464
943
852
123
770
179
484
622
899
444
856
959
548
937
399
659
886
239
981
516
790
563
492
844
797
500
365
936
478
389
597
551
791
158
810
539
774
688
695
117
381
368
661
865
994
371
787
713
867
946
305
521
304
756
980
638
347
471
346
923
458
893
414
382
609
461
158
859
591
523
885
872
970
580
796
308
825
887
722
589
529
91
347
967
873
965
643
659
374
753
283
535
525
975
891
501
547
725
874
480
602
658
496
731
389
177
195
293
655
596
952
924
61
345
640
849
571
252
474
719
991
743
489
832
515
584
685
544
797
834
790
307
742
365
696
250
885
616
874
715
900
738
810
854
334
806
285
732
236
904
568
849
568
781
701
713
708
976
919
958
319
596
836
303
966
128
907
782
387
739
472
278
728
853
851
734
466
421
356
972
311
868
980
729
278
892
737
498
602
684
222
890
582
585
681
648
946
811
922
926
643
901
997
340
496
536
838
629
306
952
789
941
723
857
909
982
888
606
991
419
822
803
939
967
688
957
331
668
555
546
981
861
106
639
778
601
636
237
475
675
794
742
156
917
970
67
481
913
795
919
746
429
256
496
593
586
417
242
961
744
659
431
810
863
524
957
515
950
963
895
444
822
814
348
989
947
594
651
949
589
721
436
689
896
954
522
745
791
368
118
732
861
196
931
905
619
923
487
677
195
202
739
933
565
886
827
639
825
907
630
917
666
272
775
944
696
628
714
556
922
884
563
778
962
993
578
714
819
500
143
561
992
620
892
849
466
503
897
670
947
490
397
743
729
434
906
642
657
795
874
197
897
795
852
623
760
348
888
982
730
424
805
740
651
256
776
991
389
890
436
881
978
165
258
516
939
536
492
918
435
570
656
438
374
614
784
386
264
677
520
804
737
721
722
494
402
979
801
521
911
957
679
921
917
174
904
946
762
535
724
476
906
293
776
640
815
590
964
802
991
340
29
678
876
942
681
580
964
952
860
750
785
802
657
649
651
781
971
726
222
716
343
677
696
881
994
920
141
349
932
511
466
512
327
831
693
593
471
131
914
646
877
903
655
381
583
850
539
700
865
791
678
761
873
634
829
864
656
732
628
605
722
900
955
451
533
484
243
868
948
998
922
677
814
602
558
674
743
516
659
582
688
928
751
794
825
691
551
734
616
292
745
827
949
560
215
742
610
174
648
586
551
811
943
857
802
794
898
960
111
481
954
876
993
205
343
543
958
578
310
156
351
659
911
471
841
575
992
916
313
219
908
631
660
936
701
853
873
502
537
828
227
601
850
947
796
341
957
92
963
794
969
634
501
756
967
697
609
230
131
826
630
625
407
640
767
811
955
749
450
615
962
946
766
638
835
386
597
873
941
859
242
877
614
948
499
790
934
916
818
572
625
824
721
980
992
963
849
664
757
937
730
796
549
216
905
527
206
332
429
699
393
761
836
888
769
974
581
886
981
906
668
502
608
914
619
416
897
78
476
709
802
767
400
348
807
586
437
411
872
472
440
690
988
832
979
524
775
851
892
593
523
537
559
424
971
947
284
622
404
606
583
640
738
880
917
598
834
891
897
975
446
423
294
468
163
95
748
562
258
715
739
338
840
605
619
931
676
695
351
522
144
539
980
648
785
702
208
891
968
750
813
943
947
935
790
447
777
900
948
560
883
952
760
589
402
712
319
334
587
349
956
729
160
934
666
370
806
454
244
789
931
400
588
872
741
898
526
24
877
836
827
967
279
873
951
860
865
398
651
383
458
978
638
437
979
790
390
726
537
255
378
545
984
569
786
679
579
745
482
835
750
480
705
95
387
375
571
868
198
551
84
483
971
464
498
364
474
849
904
494
876
676
418
836
766
710
731
697
738
897
587
763
987
727
635
866
957
684
798
676
932
428
752
494
741
805
404
974
820
578
967
754
889
683
847
711
904
999
602
403
942
995
572
975
820
684
379
99
165
279
702
833
528
738
796
406
533
899
992
791
342
810
667
905
990
522
912
264
830
809
170
660
816
445
919
741
126
722
539
987
648
522
707
252
755
988
627
738
145
938
474
546
986
954
345
771
839
623
901
842
720
416
792
401
934
834
802
625
530
958
332
896
887
879
989
945
572
903
618
188
794
906
307
318
957
502
992
494
876
511
977
974
767
587
599
680
665
74
987
812
929
983
873
733
723
790
693
678
857
971
536
408
650
753
950
521
779
314
941
973
631
996
342
861
499
904
856
436
941
327
842
380
602
432
778
638
236
980
817
205
94
604
426
528
809
531
935
850
354
823
632
506
196
216
623
709
666
60
900
932
215
510
503
562
616
675
639
419
957
895
597
562
102
463
497
818
948
244
801
783
777
421
920
756
725
433
775
619
753
251
464
907
852
910
744
570
354
642
859
864
949
898
972
691
930
68
650
445
615
933
146
852
677
884
862
582
564
384
370
924
447
723
619
683
833
930
552
351
490
233
999
462
665
989
297
918
280
710
418
719
944
142
336
513
390
256
960
484
734
949
954
608
533
913
472
823
848
583
904
731
766
867
933
826
956
641
430
957
660
361
909
405
530
525
494
936
692
920
420
322
426
960
760
601
845
585
738
981
277
539
957
791
879
366
889
693
990
651
158
652
728
467
466
913
700
563
997
985
783
991
677
915
111
935
729
462
698
332
829
907
898
550
594
603
889
811
417
739
96
550
968
994
431
816
592
242
959
858
901
382
891
443
340
740
885
883
577
312
451
789
999
631
564
821
798
715
722
950
502
593
685
979
540
902
588
992
662
990
823
533
938
509
837
157
981
338
390
990
915
864
778
605
701
204
772
560
665
253
920
809
301
588
944
414
622
910
825
585
706
834
659
970
411
727
967
972
573
752
934
216
811
326
959
988
968
592
948
576
509
903
817
485
756
720
920
158
906
772
305
766
814
359
644
975
623
340
991
780
568
445
843
308
501
773
919
838
597
788
516
633
871
591
749
396
976
805
880
868
974
531
833
481
499
836
888
854
994
641
770
947
545
809
877
549
565
885
332
400
452
311
547
585
853
730
998
528
977
700
490
569
658
818
603
781
783
906
728
971
624
386
775
474
924
964
890
780
950
988
907
749
940
568
749
427
765
880
426
983
865
974
601
452
964
930
699
585
743
996
902
779
973
769
907
759
905
466
688
677
930
694
585
594
938
581
954
479
744
740
565
854
604
210
939
634
932
373
225
968
854
519
828
666
422
682
409
503
965
868
959
434
820
989
741
921
842
548
947
700
890
850
875
226
524
916
578
677
782
605
637
311
416
633
862
595
752
893
104
803
556
778
915
511
698
581
758
944
809
688
272
934
560
836
884
486
893
820
919
777
779
258
727
864
748
751
845
990
495
408
955
989
894
943
480
276
938
639
910
541
131
650
341
473
717
772
704
590
605
880
618
921
951
611
903
909
509
768
736
671
462
980
645
124
856
824
835
294
350
726
424
577
346
912
909
224
376
658
995
116
654
886
814
728
550
566
464
455
973
852
733
853
213
58
546
722
528
710
875
341
865
937
908
140
607
513
875
148
847
387
767
905
142
841
955
570
931
418
699
517
636
901
483
433
987
610
810
242
721
690
734
537
825
676
435
427
751
926
952
989
553
791
948
931
695
540
829
572
536
923
522
736
988
677
944
566
728
822
671
344
865
165
917
742
966
441
692
704
477
975
990
948
529
923
836
652
730
489
535
793
928
766
863
415
806
951
451
863
563
196
829
762
765
919
839
535
824
823
896
539
652
360
525
969
522
641
785
212
667
795
610
399
203
997
592
802
890
784
717
182
726
994
951
469
82
285
320
171
906
801
613
504
779
524
989
500
488
774
851
929
301
451
892
681
309
443
408
977
296
845
566
841
956
578
430
821
300
395
570
980
973
407
888
392
957
653
918
535
809
698
855
417
888
678
616
633
717
689
882
669
637
424
839
275
43
979
237
948
841
392
322
786
291
338
675
427
827
729
603
665
819
390
708
713
683
231
326
473
724
797
627
931
927
947
750
798
968
949
464
495
994
323
604
719
913
560
342
951
993
406
513
640
465
356
724
920
786
608
615
446
584
839
836
914
739
764
500
533
708
757
484
838
744
729
932
762
899
926
408
862
415
920
795
701
156
755
437
523
909
747
583
458
611
914
612
911
885
428
511
939
561
638
777
991
693
660
770
227
468
930
873
661
348
852
707
990
895
846
894
340
846
997
957
387
656
496
921
793
448
939
896
881
197
648
568
866
333
949
729
984
521
963
456
409
612
534
348
781
990
809
546
525
955
471
573
763
903
805
910
309
760
323
782
106
625
822
664
679
893
818
473
643
390
466
838
592
860
934
647
985
342
723
496
216
297
802
775
808
822
723
934
288
898
485
953
748
723
756
577
494
599
957
204
273
885
581
850
586
409
497
880
739
545
957
910
643
686
868
517
568
528
108
715
111
666
700
261
269
602
788
633
900
746
580
689
459
351
614
219
449
70
407
359
741
857
718
759
866
708
378
917
788
489
419
733
637
264
685
498
678
683
774
715
640
568
725
990
798
298
727
986
332
733
437
751
606
890
910
556
588
859
287
748
631
465
367
593
343
416
950
452
227
728
899
842
568
724
782
987
221
256
921
845
689
280
943
932
961
962
785
536
884
987
731
668
948
991
514
696
890
784
245
932
855
741
243
961
414
893
674
940
628
608
466
510
430
807
838
649
467
644
126
431
247
727
114
734
425
915
522
753
503
487
648
850
731
834
416
474
845
318
510
907
493
968
826
318
998
994
581
296
294
964
907
404
976
408
756
730
745
680
268
970
991
846
633
965
942
323
858
715
875
947
338
828
886
936
881
328
478
538
711
842
747
464
566
924
843
917
661
851
276
483
544
903
987
865
975
561
462
529
579
497
352
977
773
808
790
995
817
826
656
784
515
806
729
878
188
771
352
487
865
834
5000
556
569
749
773
934
980
861
888
779
684
952
644
997
958
805
634
930
944
952
798
825
965
768
914
960
877
863
933
715
767
551
397
722
438
444
656
813
737
998
553
787
984
757
450
809
213
437
651
568
913
911
352
996
867
889
856
689
932
947
540
939
952
608
967
825
850
908
790
896
946
739
792
505
695
641
463
819
972
849
704
841
977
950
303
820
797
667
602
658
774
772
427
923
332
904
921
977
403
990
997
778
959
464
969
784
312
860
657
772
665
471
812
965
637
981
613
824
607
860
430
620
495
635
759
948
567
779
939
557
545
883
989
991
920
869
365
797
660
380
378
937
909
906
990
946
841
947
870
909
822
857
548
863
676
763
816
941
820
800
650
701
395
895
969
576
680
831
601
533
930
926
727
822
582
388
880
875
766
211
916
998
717
871
440
756
933
942
505
617
565
878
775
978
813
960
930
982
668
718
705
459
609
799
690
573
928
580
818
386
746
747
644
686
487
675
536
738
995
785
727
957
745
986
540
974
675
972
942
933
804
557
664
834
921
811
748
762
869
976
915
977
847
712
600
498
881
655
977
662
607
881
568
659
793
914
991
962
839
437
943
621
802
812
729
575
831
386
855
677
870
711
627
786
869
854
939
663
779
289
455
630
880
662
773
854
602
856
683
858
467
517
876
597
420
681
688
848
354
993
933
863
815
197
999
978
889
946
692
920
628
498
835
445
943
869
873
933
758
629
719
959
897
627
974
980
791
981
669
932
883
824
671
815
337
961
998
837
451
567
873
824
906
494
548
809
901
781
950
658
544
987
726
988
849
898
465
930
766
810
982
605
971
576
485
531
884
881
345
801
808
961
293
799
787
271
233
851
632
739
277
949
770
832
760
742
802
826
853
668
890
806
629
750
760
950
921
724
911
613
842
946
730
552
971
589
261
931
621
688
942
651
424
781
822
630
678
773
944
973
484
869
892
764
638
801
864
832
989
933
295
861
952
991
672
923
936
726
578
992
607
512
993
972
915
981
922
371
831
676
585
771
782
827
873
502
774
978
912
958
527
835
314
617
927
520
965
849
352
971
908
884
931
696
773
896
901
880
726
817
686
758
856
727
547
819
747
680
873
398
848
824
727
946
472
782
748
834
675
973
547
839
275
997
866
977
154
723
941
980
808
487
832
427
869
786
607
605
710
438
798
884
609
960
638
920
760
983
718
750
856
574
298
573
779
833
942
881
972
568
617
896
676
859
434
574
685
829
916
871
907
964
669
562
649
465
864
645
477
561
592
717
631
688
512
405
724
951
895
400
968
660
501
699
752
815
861
620
930
921
652
973
841
848
951
888
321
957
871
891
926
867
140
753
149
942
789
782
757
559
330
928
538
911
477
707
482
993
735
601
826
936
857
763
386
897
425
479
771
773
963
884
990
839
747
691
968
907
970
637
909
981
456
941
713
752
808
907
956
995
933
823
912
692
683
928
850
615
921
816
955
545
833
790
767
819
766
298
623
765
693
806
726
644
687
875
658
731
728
758
507
462
878
561
295
985
997
897
854
925
487
729
948
929
672
282
867
979
895
951
894
505
802
443
598
996
668
865
815
312
938
789
737
574
966
164
946
467
806
945
914
843
616
775
894
899
582
976
738
608
832
926
824
862
963
803
813
523
724
885
943
925
582
914
844
982
859
907
812
736
921
790
990
799
801
709
919
844
569
855
935
633
839
907
741
652
883
697
980
986
301
945
791
549
843
957
919
600
979
423
915
919
897
105
526
695
906
781
899
976
428
587
756
875
696
929
403
733
766
704
951
825
838
964
914
464
755
290
987
332
926
836
451
944
604
968
588
813
228
902
986
889
780
793
877
630
653
988
857
644
922
883
505
913
892
578
671
662
803
957
997
863
895
524
878
986
346
975
936
882
563
956
922
958
632
751
264
357
511
390
751
990
973
819
805
877
502
907
998
872
867
804
830
651
348
782
976
790
471
644
870
968
750
450
955
814
935
838
731
679
686
839
439
760
677
734
850
615
816
578
831
726
959
852
714
206
851
921
527
583
895
735
980
404
998
836
740
614
874
998
888
529
922
621
473
421
930
383
881
812
264
737
916
769
243
379
516
304
684
964
533
478
686
807
999
317
836
885
655
352
513
656
769
770
620
449
741
379
360
666
844
719
880
882
757
712
872
451
957
996
990
980
743
995
668
773
939
993
854
807
937
962
858
903
442
348
892
867
780
853
688
988
629
746
277
665
732
805
979
855
536
941
902
680
686
760
782
939
317
877
874
586
699
869
521
476
872
482
907
323
660
558
576
998
431
835
933
841
870
949
904
747
878
589
782
853
894
791
855
915
624
926
498
684
779
908
896
402
705
774
570
830
983
841
904
470
777
825
989
673
923
898
377
883
767
721
852
744
964
610
694
887
987
439
988
580
513
718
853
920
666
805
999
687
978
401
942
961
922
562
778
335
898
988
874
939
864
808
560
978
896
483
994
876
960
774
572
889
803
887
863
763
597
500
646
522
898
903
778
900
957
938
741
520
962
867
737
897
704
725
501
830
739
618
820
884
395
974
901
819
557
746
929
919
723
461
574
707
858
997
905
751
539
990
952
631
827
555
551
386
762
329
723
801
847
738
875
895
922
565
869
661
814
811
720
954
664
974
678
554
973
667
845
971
377
381
909
934
918
531
552
972
561
563
971
786
604
466
954
940
441
481
969
756
811
869
669
877
896
750
902
750
787
939
372
811
858
648
959
724
761
750
946
794
987
484
365
861
893
891
734
792
789
972
976
916
980
770
828
702
914
854
306
522
868
786
864
968
852
816
914
419
960
237
462
912
904
849
708
677
562
847
584
572
690
915
649
934
550
597
518
694
536
915
944
993
361
527
966
975
837
902
587
500
476
949
941
950
439
841
731
963
816
723
941
974
261
860
928
954
940
944
942
988
948
902
823
517
425
678
734
810
970
448
814
821
941
929
228
890
471
988
938
748
627
758
548
626
963
835
763
863
507
682
704
543
742
982
459
510
428
958
584
802
821
845
481
368
771
709
515
892
453
659
905
973
410
364
864
691
652
949
343
995
662
997
703
866
820
777
895
752
777
711
870
968
629
693
955
743
941
709
207
845
640
833
468
368
774
835
982
801
936
821
908
715
557
918
681
623
921
625
443
277
704
449
818
982
861
382
697
969
708
516
998
858
917
927
645
721
586
925
850
805
735
978
983
628
903
803
758
986
808
729
577
556
793
896
575
558
560
845
777
514
944
617
851
956
802
709
910
983
684
794
579
779
970
614
563
705
602
914
882
689
969
690
272
967
976
863
985
933
715
872
384
953
755
125
778
845
650
815
867
770
976
897
790
950
598
873
826
886
750
624
894
967
999
897
915
668
782
850
970
877
861
832
722
662
695
718
786
895
515
295
965
989
662
734
957
916
989
680
933
445
954
764
849
783
705
725
902
906
974
782
977
996
491
864
839
647
702
687
971
618
917
763
764
956
588
733
894
876
938
415
607
894
546
956
791
963
620
775
946
501
985
928
863
673
734
996
975
208
759
758
979
722
607
969
854
904
786
912
422
404
818
744
643
718
753
528
327
946
684
848
988
811
783
917
927
887
582
364
519
771
931
440
929
768
962
464
554
820
733
961
844
722
825
964
970
450
893
990
994
984
801
615
985
686
960
452
669
768
673
544
845
767
736
796
963
993
784
747
699
773
871
584
901
787
879
537
845
806
613
741
998
764
896
740
752
956
774
872
553
582
790
864
978
914
941
905
950
949
902
651
329
842
904
871
957
826
708
897
808
899
905
716
785
756
741
712
453
974
823
978
769
936
561
899
541
597
923
764
947
903
676
668
719
886
936
983
547
939
655
899
126
966
774
573
696
816
474
650
888
724
572
988
635
973
868
573
523
326
649
626
364
904
979
933
539
601
976
800
817
810
805
716
331
920
584
946
819
899
956
605
567
643
940
783
719
887
811
879
655
911
735
875
950
998
909
941
912
411
575
515
779
970
958
727
902
534
738
927
905
573
238
907
842
785
704
839
933
440
961
614
766
701
461
906
764
959
702
783
986
613
884
760
933
898
950
766
696
525
640
689
564
783
663
676
981
875
452
759
176
820
861
948
947
844
774
769
759
755
742
940
852
475
774
772
730
963
967
716
884
948
969
875
840
371
594
909
851
921
95
469
917
883
893
837
543
992
752
503
351
530
867
521
907
729
962
670
406
475
740
546
982
981
945
377
855
779
853
806
735
845
882
954
964
474
976
925
321
880
554
985
945
721
633
634
428
677
773
708
927
968
980
853
885
972
477
710
451
966
999
801
853
779
896
330
989
750
929
897
843
735
809
781
849
867
679
883
893
192
702
938
662
726
969
862
391
479
959
904
895
893
995
530
704
871
839
914
902
885
658
571
957
852
638
882
852
864
818
912
831
189
481
907
501
700
999
888
914
914
970
888
699
896
764
827
992
800
863
399
727
741
744
593
701
725
914
244
610
808
684
413
590
941
988
744
935
797
974
752
551
498
803
708
936
530
894
965
930
856
701
993
987
996
701
695
825
790
665
993
947
484
601
713
911
984
759
975
870
987
467
854
443
922
846
485
810
631
814
449
911
798
861
532
944
987
410
851
801
430
566
562
676
983
970
828
807
895
974
601
800
676
869
983
672
980
937
553
279
701
876
925
522
942
943
983
902
912
692
733
217
958
917
966
843
947
423
847
975
698
587
951
716
416
847
880
645
315
929
433
997
833
695
538
939
991
649
867
822
649
660
900
839
490
681
769
970
960
786
991
970
634
743
532
719
684
512
966
585
752
641
931
832
959
922
846
943
990
383
622
966
841
712
909
503
707
687
672
632
670
926
455
853
983
793
668
686
925
827
705
985
497
780
954
919
792
301
818
864
708
883
829
633
850
618
851
879
778
445
339
677
778
834
496
677
355
988
416
668
768
915
560
617
732
470
842
990
497
509
367
909
981
969
837
415
933
552
858
989
847
982
733
816
704
889
843
873
546
646
990
911
839
508
898
949
379
897
655
883
987
807
828
927
928
778
559
903
835
457
636
901
947
984
682
671
698
863
819
494
982
906
965
740
649
625
744
832
784
950
484
931
962
332
624
341
931
616
921
895
395
312
817
712
738
884
895
813
874
658
891
708
955
883
902
937
549
720
539
483
397
964
585
836
878
711
845
436
813
628
590
919
934
564
734
932
495
358
755
608
659
368
978
791
498
267
525
891
843
747
689
878
608
650
581
640
556
150
595
803
646
976
805
838
550
732
733
651
618
869
783
888
366
332
337
751
699
965
390
809
452
647
513
936
872
736
326
879
778
408
539
735
231
989
746
653
626
873
782
658
780
542
703
790
728
636
944
742
572
279
470
945
726
795
817
821
969
743
360
492
781
550
520
973
883
648
977
975
911
698
653
971
977
882
596
302
598
934
771
590
760
947
954
383
870
762
985
848
815
559
74
816
490
539
468
859
693
633
877
990
510
735
667
961
891
779
285
906
735
579
887
882
962
967
428
511
865
918
934
973
866
635
814
879
570
894
890
928
657
907
798
328
948
751
941
225
845
990
931
513
774
848
782
905
873
878
741
575
942
122
902
889
555
760
457
533
681
826
725
741
975
790
623
725
835
679
698
650
724
901
487
607
722
994
822
635
954
791
554
984
859
901
892
464
772
803
924
750
997
988
959
861
929
455
647
642
290
958
953
645
405
748
541
813
328
959
816
754
518
987
835
780
931
591
719
807
320
968
846
822
491
949
760
799
654
383
819
664
966
929
492
570
549
851
914
824
724
900
624
959
674
248
730
869
664
960
989
869
556
797
182
875
925
662
555
831
826
528
575
838
810
554
992
978
752
779
926
688
738
465
790
680
664
761
850
931
913
765
860
587
866
319
946
813
723
982
650
870
699
986
627
680
708
394
287
930
806
969
918
579
440
832
818
955
860
689
746
605
381
682
343
487
767
950
849
617
924
872
818
737
987
975
755
960
516
813
968
881
943
668
516
775
994
825
861
997
985
575
577
702
862
988
975
779
847
923
721
977
895
916
879
568
928
918
84
166
407
918
652
218
933
947
722
424
883
947
303
826
828
963
416
657
827
934
856
595
371
862
749
957
794
457
338
411
943
706
717
975
853
937
830
497
549
840
368
782
976
970
468
975
974
786
721
848
592
831
669
966
731
955
615
821
531
955
967
932
910
826
913
687
973
590
955
728
672
893
507
932
879
804
805
841
936
396
644
943
429
886
960
982
975
670
477
521
813
941
871
912
966
779
751
973
998
221
722
789
982
770
778
753
946
951
925
427
968
798
750
947
597
500
895
730
977
614
704
709
502
816
541
813
887
794
372
514
939
327
736
836
678
632
803
920
965
945
985
610
626
820
677
994
746
692
890
552
466
908
408
994
973
579
694
687
656
547
702
587
470
831
766
370
982
533
925
724
668
974
648
782
457
944
734
769
994
806
832
526
955
953
982
715
981
470
826
544
523
664
967
603
900
993
800
989
496
750
735
780
496
160
716
451
970
680
977
915
561
887
726
574
823
651
968
887
682
921
815
881
309
706
990
993
945
719
648
972
936
873
336
950
914
929
948
659
437
834
942
766
756
939
961
967
504
516
947
448
328
709
465
548
909
945
567
494
624
819
960
943
679
617
675
985
869
686
935
749
792
864
753
751
416
853
971
973
922
701
999
746
992
481
730
313
842
992
724
770
547
552
914
620
893
790
399
664
578
925
354
814
784
999
517
785
964
930
883
240
816
800
740
942
421
793
625
587
991
667
795
660
693
881
760
218
835
555
720
600
900
501
380
712
941
570
987
926
929
831
691
874
709
615
756
956
894
763
546
890
691
985
868
903
459
905
884
882
982
503
909
340
610
856
896
891
916
596
438
822
912
970
935
913
990
875
951
999
548
986
912
798
992
804
914
496
881
434
436
536
802
303
743
640
854
399
640
756
959
769
836
995
749
897
544
999
652
887
989
706
605
917
672
844
689
942
764
353
557
945
581
821
908
840
474
973
750
880
931
854
988
979
785
920
468
937
913
776
876
954
944
860
857
725
973
965
749
636
684
360
653
862
913
575
839
738
206
977
966
639
689
640
910
849
679
953
615
926
881
736
291
671
704
731
751
796
796
909
976
747
972
868
999
828
893
578
931
782
972
821
512
586
747
730
748
944
996
490
843
569
960
949
827
449
737
399
772
835
758
964
947
897
320
143
739
712
779
918
569
555
718
589
819
800
721
865
596
572
767
788
861
961
777
596
574
903
398
929
627
655
794
964
870
530
462
909
743
421
740
588
348
680
841
554
896
927
872
881
962
893
426
770
879
631
872
727
910
501
653
486
936
558
601
719
326
917
942
848
602
620
742
777
927
969
988
566
762
831
714
975
503
113
369
808
716
936
702
683
866
661
878
756
656
573
862
967
831
945
861
957
882
584
912
963
561
701
724
684
544
917
778
739
910
713
766
513
917
517
724
776
939
634
889
882
908
699
579
741
983
916
931
958
679
973
611
895
864
890
919
714
896
967
652
976
485
939
773
539
827
959
945
649
912
433
918
898
962
984
896
979
880
986
941
702
987
936
646
776
799
380
955
594
582
557
911
861
920
975
671
778
399
735
968
948
762
961
363
909
802
456
332
896
513
796
339
965
930
924
870
798
710
741
906
379
870
976
749
975
776
880
703
868
575
851
772
756
917
664
996
743
955
858
409
873
908
930
125
260
403
771
606
759
630
501
910
782
769
569
645
962
443
736
524
989
700
632
984
793
919
815
743
618
814
784
897
400
805
753
597
996
793
908
825
763
975
941
952
987
922
747
868
481
759
821
893
550
430
613
821
103
178
805
827
957
719
800
657
914
921
749
831
964
161
787
977
794
989
257
996
885
573
697
670
891
706
624
734
981
414
449
985
617
598
798
921
849
755
904
580
776
399
802
918
688
983
721
892
837
945
956
928
927
909
981
663
949
827
911
717
475
824
816
757
738
846
901
914
538
820
926
680
849
970
904
677
150
757
815
810
461
804
858
628
630
899
578
631
614
934
985
412
649
371
964
996
951
873
707
823
712
796
945
674
774
212
934
821
988
560
845
758
958
712
894
967
710
533
997
659
689
949
958
892
697
575
972
915
944
815
990
859
978
976
950
566
884
727
654
709
902
991
708
663
244
844
770
468
519
839
522
983
407
268
380
980
750
854
644
298
508
887
850
774
581
807
879
943
931
920
624
690
950
484
707
929
350
390
978
884
695
940
957
802
692
824
898
986
824
177
831
786
828
901
893
949
842
810
967
916
668
875
903
867
918
740
963
928
960
240
551
791
919
602
480
838
749
983
280
878
923
695
907
889
909
881
500
914
288
950
892
939
915
392
609
566
783
809
861
823
996
487
540
937
534
811
939
745
885
896
567
847
386
758
976
545
929
671
654
851
999
963
875
826
892
678
870
845
422
701
938
727
849
906
854
990
738
801
996
954
829
972
923
554
733
572
502
748
981
778
990
216
761
769
881
936
368
820
844
870
957
160
883
892
859
263
907
975
739
418
801
824
868
716
365
863
587
937
979
739
904
956
683
853
918
929
862
608
441
497
541
680
757
956
790
880
518
879
792
945
890
869
899
790
978
880
649
576
793
585
997
822
478
650
781
831
244
874
710
773
941
751
824
986
754
518
524
983
427
679
820
893
711
755
827
511
447
967
772
810
771
571
954
721
833
665
850
800
921
765
615
991
387
436
653
706
655
578
743
208
858
644
766
678
823
920
834
891
855
592
760
890
922
997
632
956
738
822
727
636
639
477
994
769
635
648
758
970
562
600
762
673
796
911
840
681
999
566
658
848
213
753
579
296
316
899
971
808
602
973
915
672
891
819
943
684
940
801
830
660
951
852
848
630
915
993
696
897
729
549
861
933
660
978
961
741
721
571
700
472
989
838
989
377
862
788
711
608
581
960
828
909
933
278
465
904
889
265
923
804
388
635
670
805
880
800
920
377
917
653
968
745
913
648
976
925
948
918
892
802
999
799
845
699
302
703
722
336
719
630
724
954
857
533
996
173
660
441
729
929
774
953
827
668
966
985
964
829
915
528
678
976
682
802
903
763
824
884
597
960
811
954
658
909
867
838
988
907
995
678
475
812
909
982
641
819
473
790
753
613
895
527
690
829
812
717
760
928
872
807
868
998
866
587
775
928
826
931
607
966
716
760
956
963
308
770
730
954
883
420
682
960
739
983
964
852
847
948
870
938
651
957
515
872
283
772
904
225
717
998
282
959
544
683
798
644
306
137
968
973
733
984
576
968
962
957
824
717
688
989
959
912
771
990
262
931
756
910
944
403
970
781
787
542
887
954
841
365
825
943
734
439
773
881
335
619
471
301
707
703
604
784
819
973
884
419
902
793
911
884
799
827
783
848
889
764
702
835
541
873
998
304
554
868
910
730
952
769
800
990
998
830
481
702
888
982
786
739
962
952
995
964
969
970
781
962
812
619
736
876
595
903
865
800
956
693
653
652
857
697
921
766
549
900
721
929
605
781
669
260
904
603
933
481
749
536
774
993
939
813
945
804
825
693
367
827
648
468
509
992
572
897
992
746
244
496
834
318
970
398
715
726
668
770
715
953
806
520
586
904
761
862
843
818
874
513
861
972
950
976
836
548
815
714
873
745
829
856
833
397
359
932
755
776
418
633
849
733
312
662
655
728
960
503
595
510
532
541
595
107
999
377
429
727
782
914
847
682
920
641
863
779
935
966
901
796
981
603
961
319
828
504
971
545
962
919
638
763
675
637
998
740
625
723
999
991
596
650
674
516
898
636
858
684
983
790
402
849
911
647
999
478
421
750
928
961
847
939
829
527
691
616
713
821
844
758
783
594
865
520
704
990
455
877
863
330
504
811
898
756
942
937
816
584
756
631
669
919
641
945
564
780
653
999
574
993
985
887
969
754
859
928
971
899
928
902
974
973
761
742
999
630
744
862
545
741
645
858
802
877
917
969
640
548
810
893
738
800
341
438
898
596
838
873
722
787
961
745
806
722
582
609
809
769
356
390
710
672
783
543
945
553
880
707
812
949
530
673
875
917
486
584
646
941
955
848
959
428
488
605
778
886
892
608
956
943
650
983
434
671
796
448
756
982
917
827
890
744
914
711
811
664
634
668
386
988
715
740
477
658
992
902
934
636
972
820
947
678
344
693
625
900
745
736
797
948
655
961
980
754
669
839
924
908
663
767
832
299
527
846
625
340
286
774
494
982
830
720
742
298
766
914
282
710
977
946
420
879
947
532
799
904
555
708
956
876
954
727
897
556
872
977
676
905
864
968
491
612
921
940
845
597
723
936
970
557
689
548
773
750
839
892
676
702
816
733
762
798
701
933
977
936
771
870
567
912
538
536
526
663
956
741
744
725
591
390
721
623
307
794
627
814
682
779
444
706
482
848
914
948
738
884
638
736
801
503
837
791
880
751
713
888
692
843
895
730
864
829
980
816
777
349
632
787
634
801
630
598
649
684
851
961
728
975
878
865
602
914
813
800
694
699
566
758
732
815
802
351
555
694
959
779
584
772
922
784
963
627
980
747
810
650
991
772
845
498
474
763
485
461
971
624
861
992
930
528
865
894
753
571
469
781
971
913
910
267
743
918
504
938
761
612
878
762
941
968
832
551
643
724
532
683
967
626
999
947
623
515
895
984
965
744
925
944
351
978
313
591
977
993
849
364
432
971
768
984
991
564
887
997
857
973
968
602
717
892
646
905
916
676
378
747
535
328
980
838
908
977
669
992
534
961
613
792
594
793
865
943
806
816
935
910
459
447
638
565
703
426
924
794
777
802
422
380
862
456
957
509
413
756
796
748
984
784
747
654
595
580
743
701
734
525
576
800
934
733
991
438
823
902
721
818
853
896
962
950
675
798
961
745
636
967
608
981
686
623
667
789
755
252
979
927
939
904
444
964
610
874
826
662
732
354
837
762
852
903
285
775
950
404
954
704
635
989
697
754
749
655
835
934
774
794
966
676
927
949
733
632
747
705
640
677
976
975
614
817
980
554
911
236
900
855
634
696
689
820
980
392
976
645
957
650
480
908
883
592
652
816
827
792
536
823
824
264
640
668
902
552
950
897
940
773
783
811
875
882
945
499
384
981
707
958
999
809
587
931
669
973
878
884
894
947
406
941
950
746
748
930
390
564
491
795
531
438
192
931
566
183
613
775
988
498
878
931
551
951
956
296
351
558
655
992
856
749
746
861
637
906
447
362
893
472
300
515
452
935
830
935
802
946
474
472
801
638
791
446
883
949
541
683
957
975
851
635
999
960
814
