5000
2410
5075
7264
2116
5581
5184
9411
8029
8219
7469
7443
4105
9951
9133
3835
3258
532
9942
5872
5120
2645
3901
9246
9176
7737
25
3947
6071
9600
5372
9342
7336
2851
4810
4683
5338
1325
5731
124
2959
7811
1949
199
1786
5228
5352
1250
7317
5525
9422
9024
5177
8153
881
2594
8937
3959
70
2715
2479
302
2802
7167
1485
6028
374
5049
4535
7284
557
4349
2578
7449
607
9599
5164
7128
3075
5717
2473
7472
598
9864
2031
7953
5691
6185
2774
7789
9048
2670
8392
9861
1946
5353
9378
6242
520
8222
9752
1847
9908
9866
6673
9153
7784
423
5386
9667
2637
7339
1427
9644
1218
3798
7377
6749
6761
4039
564
1286
9343
245
5517
1781
1518
5012
4310
967
5928
5833
8030
5399
5264
4437
8635
2389
2567
4694
2293
4635
5098
323
1191
1292
8329
3173
3378
3124
6612
5056
4990
5387
6194
9274
4688
1726
1657
4424
5197
2708
6572
3134
5880
776
1045
2989
7843
427
7353
9906
9038
9658
2058
5996
5529
9309
1020
8803
145
72
8954
5118
4566
6537
2682
3344
5910
8377
7908
4618
1302
4105
6232
9667
6231
7055
8615
6484
4390
5586
659
2553
4821
6556
6905
9049
3600
6406
6575
3991
7907
3730
6825
3185
4801
4011
7697
3842
9573
6052
8800
7117
9118
6912
6520
7354
9078
8666
6939
5444
6457
2262
7387
4912
3291
3265
4052
9918
5370
8257
3280
984
9957
8022
761
8249
3203
3776
9177
2964
3460
8758
7655
8016
1488
8891
8873
9255
6754
1374
7064
2592
2966
441
4565
9105
654
7812
4660
9580
9017
496
7093
7734
897
6574
2256
8550
2087
9417
6724
3765
6816
7321
1532
9873
522
8864
2228
8553
8477
6920
2635
2553
1960
6996
1904
7341
4455
614
619
6859
7877
3997
7053
6875
955
2568
4442
7126
6705
9221
3761
3223
7903
4387
3620
9547
4146
5890
7244
7729
5019
780
1736
7559
1485
7321
820
4997
5770
6257
8392
3641
5103
2848
3073
3231
3251
4293
7706
5308
7375
237
2191
6969
6130
316
9592
407
9363
1256
2825
7879
294
7953
8527
4510
405
5706
8289
2036
2171
2346
1731
476
1287
11
4062
231
5389
2504
8891
4173
6403
3058
5232
5203
2775
1784
1437
1370
3316
1160
2417
440
5723
9335
4246
8860
5533
3690
4522
7371
8103
6658
8889
6922
3074
8593
6979
2654
7611
8716
6359
8483
555
5256
7725
7888
1476
3586
6619
9599
5706
6214
6752
795
960
8848
5758
116
4636
2871
1834
5141
7120
5653
9013
251
8244
4437
3096
8300
3357
6329
7411
8651
4922
7886
6606
1310
6543
6526
3059
7366
6305
3458
2254
844
1165
2916
1576
9279
9627
1956
6264
7927
3244
7416
465
5635
4710
6876
8987
5273
8222
4625
210
9085
4676
1701
2279
548
6371
1464
8391
5151
9625
9814
5178
1711
4166
5480
4486
7141
6676
5674
9242
5311
9202
4234
6059
628
2262
3243
4550
9100
7743
3792
9692
68
7311
7428
6826
3214
8006
2896
2350
8198
7782
1400
9638
3322
2443
101
7924
1998
5146
1976
9290
9302
4978
551
5337
7868
7126
2517
9232
4820
7865
1735
4660
1123
2109
6531
6027
2647
276
9435
6507
4105
3469
1059
7228
236
3722
474
39
260
9232
3119
2756
6196
9122
4177
6715
3995
6105
2535
9363
5134
1724
2306
782
64
5772
8658
1960
2719
225
3172
4999
6253
4791
2606
7998
4998
1269
5808
5341
1543
3352
7613
2043
6408
3520
5774
9694
4807
8449
1372
5617
6707
5856
7459
393
9150
1686
6514
8910
7288
9575
4071
4917
3969
978
519
5208
7093
4945
8919
687
7222
2571
5844
1482
1707
7033
309
2058
5647
678
7242
5119
5854
2090
1185
3665
2184
8014
1079
662
6792
8871
8497
5388
7084
4280
7892
1681
8852
3410
2152
6729
5810
662
5456
2458
1401
2594
5655
9647
4894
3700
4316
4010
7293
8052
8204
1893
6987
9950
2574
7259
1172
4448
7057
5022
6831
9323
8084
1800
9861
4205
2552
257
944
5276
2938
429
7996
2475
5366
2820
9661
8086
9128
7874
8102
1173
6558
5400
3138
1908
7727
3619
7353
2948
8027
8174
3196
6305
9480
464
7425
6157
4299
9361
2090
6746
2225
7137
7122
8247
9852
2583
4950
2884
2743
2505
5121
1858
5718
5828
200
2153
109
4603
2999
566
8676
13
7165
1921
3010
1797
4710
1241
3790
7640
2906
7395
240
7155
4680
8568
2497
9585
9058
8308
8438
7839
4738
4181
2676
5554
9768
8671
3582
1124
9684
2229
1697
1021
2914
4694
1297
2226
9652
8185
496
8316
5774
2861
3851
7277
418
2748
2274
77
3358
9375
8031
3866
2099
1467
7847
5409
2589
2757
3338
8258
1499
1902
3885
1658
934
3222
145
2886
3764
7695
2946
7446
4011
8627
339
1611
7583
7529
9965
9980
9161
1074
4920
6487
7230
2823
2240
3754
7281
5829
9849
8804
5763
9481
7460
7838
9131
3073
2551
7695
369
7328
8116
8289
1531
8939
3453
3099
3655
4854
1049
4510
6713
8605
4769
870
5030
9334
6078
3859
1806
8253
5028
6955
937
6787
9143
8696
9259
6592
2380
4853
2160
9467
8753
8348
1262
3011
3565
8337
9694
7210
8058
6278
3069
1205
2172
4161
9915
2660
9863
9827
5070
7290
2084
9129
2311
4469
6597
9768
9834
8827
2089
3298
9058
8391
1688
4779
1630
2853
4780
6599
3646
4830
5733
870
3107
5941
717
3201
7611
4459
1206
9742
508
2437
7755
8446
6498
7331
2519
3500
2869
9500
6331
4591
2405
8532
416
9472
6644
6652
7710
2172
2026
5345
6702
3708
1372
6974
3001
4605
3040
7137
7820
1985
1864
5477
2224
2642
2191
1380
7287
429
7686
4756
2033
4257
355
8417
8632
67
5592
9545
9144
7828
5480
343
4461
3056
9521
6672
6797
4390
9517
5263
2750
3407
9039
9543
5682
8007
3186
9528
142
3542
3443
9302
6180
6102
6539
9333
6063
2057
6542
4168
5670
3911
6206
9718
9917
8010
5398
6410
6838
6382
8986
9661
2144
3718
1876
8026
9343
9842
99
7968
7877
9431
9
8536
1087
9021
2918
1256
8094
9093
2300
7385
7057
949
8913
5018
8655
7805
4193
4324
7993
4943
2940
6033
2618
9006
8614
4596
6357
1643
1964
9172
6010
175
7041
3411
3983
7653
8252
5670
7527
1892
1827
3806
4730
6813
5621
4306
2833
4727
4673
495
9862
6452
5354
9326
1357
6428
8871
9342
7451
3688
7140
805
7298
1568
1784
2813
9140
2133
8973
143
1485
8982
2484
8496
9229
1880
7054
2867
147
2742
6110
571
5387
4726
8606
115
9029
1770
2816
3762
8907
8723
4576
3114
4893
8098
4372
7400
3104
7840
2731
3731
4576
8009
316
8301
6161
3900
9343
4024
5485
8173
5713
6993
5416
8415
4943
174
7620
5238
6456
4732
1101
3986
4513
4180
3424
3784
2769
8389
9960
5170
1299
6493
4273
2962
5379
2206
8068
8394
6300
5166
3803
7613
1197
7244
4123
8966
4814
3857
4655
6341
5626
1790
7206
5321
6075
9371
9770
153
9924
218
5753
2777
6163
9715
8941
4275
4686
99
5495
5056
58
1136
7055
2570
1903
5584
5934
7435
8536
8989
7051
8651
9978
2607
109
2378
4599
8294
4553
619
2803
5952
7241
3890
4373
5001
8866
7255
9943
468
8610
9859
6523
1235
6266
5998
3436
1497
6883
342
6384
3736
5060
2616
1892
9585
6207
5480
7329
3718
7187
5662
5982
9086
4687
4681
2256
518
1478
6517
9759
1258
5680
9316
7349
5997
4052
6186
1695
7490
7144
5438
1019
4348
7957
3028
3596
5051
1781
5791
5
347
9158
2710
833
8017
8415
4095
3575
1172
1567
6514
5710
772
3983
5947
4274
559
4079
5488
2830
9796
9498
5028
8436
7438
7611
8613
3744
4717
3643
7961
8753
7330
678
8777
7989
7147
5579
3328
1911
3321
5367
6265
1153
754
5197
229
5992
4372
4144
3501
4287
1199
9892
6917
9571
7761
3470
9841
7129
1692
5752
6091
2311
1693
361
2674
7763
9365
8091
6228
8192
9799
5806
9137
3077
297
5094
6257
240
194
7286
8086
8699
9185
1445
6419
2713
4977
5040
506
215
9086
1619
1818
2589
4924
309
2981
7761
9996
656
4805
2147
5117
4061
7546
5973
9200
1372
5106
0
3872
6909
1975
6123
7535
3786
5409
4303
6452
5573
2320
5447
9341
6591
5848
4544
8709
2282
8386
5641
418
7130
1081
3586
9320
3503
3580
1265
5814
3943
9170
386
1228
8931
3569
3736
7976
899
951
6329
968
1778
6035
1597
6680
8404
4900
5145
7986
2266
5064
9821
6735
6126
74
3548
4924
9117
49
4832
8132
9094
9202
3943
2765
9036
2677
3443
163
6888
96
3231
4365
7016
4260
3737
6620
6304
7955
686
1278
483
3584
9033
4318
5339
3124
2181
9501
2403
8274
9488
1745
5063
9970
1632
1311
9471
2179
7556
9417
3018
1900
6759
8663
7850
687
6523
3016
1632
278
1579
5906
3532
3776
3643
4454
2390
6138
1454
1516
3981
8872
6783
4752
199
3646
9376
7043
6633
564
7527
6451
9182
3000
6942
8920
5615
663
4437
7032
1329
4016
6452
3411
6793
6593
4075
3391
428
751
575
6010
8379
9209
3295
9550
9035
8699
134
4222
9083
5594
1469
9678
4255
3614
3353
4473
2047
2966
7792
1094
4128
2108
9481
9439
4953
4710
1031
1503
8320
3484
1052
1748
7318
3065
149
3573
1232
8569
1125
5713
2298
1140
5511
8854
4967
5262
6005
9614
9886
882
5169
148
3892
7872
7038
7372
9979
3965
679
7377
8837
8380
5338
2889
8741
848
6635
2884
5782
334
6819
6625
991
3090
8733
6478
7023
5960
9629
7358
6860
7831
6141
4013
7446
5380
2493
2206
7605
5561
3495
2517
5007
788
6961
8831
871
3343
963
357
4143
4578
9250
9476
3108
151
2175
9351
7728
7869
3214
5619
5544
6217
5260
5626
4847
7508
9366
664
3990
1678
7286
4187
8221
8168
6374
3518
1754
120
3363
4803
2427
974
2640
1405
807
3074
8278
7434
2533
6677
6244
6022
2971
5551
6802
3177
9589
2498
3248
737
8715
6213
7746
9049
6118
5358
4102
9892
9426
5776
1257
8420
9757
2863
7178
641
6715
1215
6132
8905
2415
8155
631
8218
7237
358
4769
7494
244
2304
526
5177
7365
874
1608
3452
4943
6547
1360
3900
9847
4283
6846
656
4239
6784
4275
3805
6687
5798
260
4499
3969
3944
3435
7513
6857
9001
991
2545
857
1488
2251
4694
5644
2246
7724
6025
1792
4768
6860
9037
5357
4399
6466
3508
1892
4829
5547
6093
2193
5150
265
664
3410
910
6109
9754
6229
7204
7900
9652
9872
1727
535
6728
3774
6067
9989
3921
1814
2220
5581
9917
8093
2922
2953
9071
6952
6487
5386
3326
6572
9721
4798
7262
8286
1236
3868
2518
9673
5032
7026
1609
1050
7527
9714
3729
3009
1554
8486
4691
3248
9244
2075
9778
343
1091
7327
7692
6024
6126
275
8334
775
6310
812
6219
1175
5173
3912
5337
8170
1504
4915
7764
1102
427
1167
7217
89
769
1612
8203
3264
2920
3228
5359
9062
8841
1450
753
231
7324
2833
4414
3009
5700
9044
7096
4750
6740
4384
2248
447
1337
4773
7661
7127
7411
4226
3482
1351
6747
415
9580
4370
648
3998
7994
8421
7737
4213
6813
6081
2907
1760
3855
8843
5755
4964
3765
1344
8809
5292
4601
1964
223
8593
2081
2358
1082
5328
7128
3124
888
8603
3267
8110
315
3284
3796
2519
4495
4852
8825
6616
2963
2938
4206
404
3147
1054
2149
7211
455
6080
5775
5352
6202
6433
9983
6714
5845
7879
9925
8527
7266
4199
572
6315
961
7761
4124
8643
6147
9146
28
2502
7605
6176
2901
6016
2280
9551
5181
3967
2594
565
2855
7502
1824
7099
3798
2141
7839
5974
9591
3355
1722
7876
115
8883
7599
8821
3717
2060
3819
601
1491
9387
2017
5995
4656
8349
171
5193
5090
2068
5365
1002
9208
2717
8257
7058
3537
1849
8394
4139
5329
1765
2960
5935
6781
2206
6966
5581
5736
3092
7137
9459
3673
5345
390
3977
7164
5384
2120
7698
9934
4973
6368
220
1706
9957
5524
392
340
3154
8912
1163
3602
6504
8038
415
9688
481
9020
8422
2229
7822
4382
6952
9040
2334
5692
102
406
5781
2307
7202
3484
9462
7853
3144
19
8850
4723
5924
3235
4951
4018
2041
4867
2472
9811
1265
5632
5910
8224
6106
8591
726
5500
8028
9636
2849
7749
9657
6256
3624
9335
1913
1605
1840
6853
4983
4032
3477
3153
1259
2901
7612
1676
3898
4302
1156
3012
1871
4257
3733
5645
9666
2318
3251
2010
832
5956
3714
6014
4713
5061
1226
6810
9649
4447
8753
4868
9731
614
4663
2294
3560
8755
6875
8008
3679
3275
1864
9564
3608
1837
6865
1687
4988
3310
7459
2418
829
2135
7436
9314
879
4709
1682
4707
2331
3863
6756
4772
5346
3448
7867
9825
8576
4884
9022
3909
2248
6615
2408
6805
5596
129
2412
9969
8629
1946
7303
3676
1970
6795
970
5422
503
8760
9270
281
5272
6476
1281
3332
9795
3107
5000
6715
8031
8688
5452
1892
9887
4130
951
4282
4687
1576
5988
9908
653
687
4774
3486
7173
8924
588
1104
4385
2477
4565
6148
9373
956
5740
7925
7873
14
5513
9615
4601
5297
2152
9585
5755
4426
4665
4041
7987
2276
9970
5716
8232
4394
2763
498
3550
7019
9045
4051
4977
8799
9695
9447
3823
8246
2183
567
5640
2670
999
9615
1645
3562
9939
6454
3729
2113
7889
3928
2851
6477
8080
5524
4146
5430
1892
4173
3448
6568
1715
1621
4413
7364
7824
279
7310
9619
7048
4544
7213
9254
7379
4726
1280
9772
5404
9251
2657
5220
1042
6120
3186
480
1862
9850
1665
1906
1664
4858
7015
7757
2963
3397
5603
9001
1092
8935
648
898
7425
9550
1920
4895
5033
9297
5437
3922
135
1126
3003
2575
9234
5960
7971
5465
3110
4851
5741
5758
150
7884
6252
9218
788
7955
2257
8761
9209
1790
1948
4280
5944
6848
3888
7621
109
4412
3146
4517
3985
3132
6030
4112
4010
3877
1958
8274
6163
2972
9283
4572
1393
7032
9309
349
4152
7343
6455
3341
6081
2432
9362
9285
7671
6672
9446
7712
7811
6275
2076
1910
6310
2806
2685
5388
7484
9827
5283
9262
6816
9472
7427
3940
2937
7342
7998
8483
306
6742
4578
7756
1690
4566
833
9004
9632
7779
9358
1469
5943
3692
110
912
1264
1842
36
4078
3093
3606
7666
2151
9861
4146
6877
8104
8834
7001
6334
1264
9512
8521
1740
2353
2450
190
2318
4710
4391
8741
6935
9331
37
647
9188
1716
6053
4266
4174
3224
9245
8487
2824
2551
3812
5235
3673
6642
4003
9296
531
5381
954
939
7495
1550
7278
8977
8728
4331
7923
2943
7248
4883
4784
8935
557
5457
7264
1751
4914
4978
869
7433
7626
6504
6220
2682
1324
764
6473
9341
4449
9411
7403
583
1867
72
624
8294
5209
8485
3423
5329
5301
2346
7543
1892
9315
6986
641
102
573
3658
459
1836
7498
4660
8184
2953
6105
2804
9605
9517
2587
6210
2086
6405
2524
5272
6937
8094
6895
2830
9375
2296
7869
1865
6087
6505
8567
1632
2928
435
5997
5179
1089
8221
2380
702
1672
3817
28
8515
3291
722
5512
2684
8327
8875
6890
5723
3609
5744
2701
1384
1984
858
3632
3952
8889
4689
3235
3662
358
4067
5625
6126
4017
4662
9226
4895
7591
7230
2098
9919
5968
7015
1543
4015
9401
3028
3222
3718
9935
9519
8904
3114
5135
8234
7535
7821
6930
942
1143
6347
9210
1929
4852
8618
6596
2663
4367
9856
1176
9245
2935
7212
9136
3448
4456
9004
132
2437
1932
8625
8158
1150
5936
1506
2424
6726
2976
311
6536
6682
5361
8193
8320
6340
7257
3988
9150
4462
2048
2248
5285
123
8597
4620
6370
7004
2196
5665
4083
3323
6316
8312
6865
3893
9308
6590
2674
6388
1710
8606
685
7186
547
9071
8154
725
9637
7516
3190
4300
7856
7235
182
584
5809
2531
3397
8040
2655
5756
8431
7611
807
5579
5311
9639
9662
9072
8584
9492
5869
9862
5127
5911
9436
1725
4189
7348
7304
5730
9140
8679
7414
4050
5834
3525
3892
3140
8048
9448
8051
1103
172
2736
5347
9714
2777
9305
8729
8721
4519
8730
2775
8573
5478
8372
7903
3544
2107
1897
8850
600
898
1980
5227
8889
4012
218
81
8241
1861
3020
8687
7506
9504
1157
3929
5171
4314
6314
8046
3824
8322
3826
2417
3415
3779
2096
4945
3058
4835
4457
6832
5019
9551
660
1898
679
1076
4249
3210
8200
8931
1868
42
1549
4938
8767
474
7486
3294
2771
4113
4413
6897
5372
5722
1770
5009
703
1931
1584
104
6309
7396
635
794
1921
7831
4965
9509
4860
2376
7277
1652
5020
4510
1492
2733
8916
6199
1902
5686
9800
4686
7785
521
5734
1732
4314
9945
6101
6424
7421
1875
3619
8199
7688
2843
7937
4214
6774
5144
4334
4151
3337
3009
9417
807
2356
5095
4525
2669
3516
3663
2153
7166
8913
2672
9663
2964
7869
7157
5076
8674
3604
3260
13
346
3950
2307
3495
3725
3757
4771
8226
6964
9878
5231
1159
3502
264
9530
4357
4954
9472
3360
6178
6664
2186
9677
8068
1834
7784
6526
1350
307
3416
4874
4171
573
6026
159
3192
1837
97
3623
5653
6989
7708
9757
9283
618
8015
497
1618
9996
5164
6446
6234
6536
5949
9732
5168
313
2847
4433
1744
6557
8316
2212
9848
8521
1306
3144
6926
6456
9440
8480
5566
4139
2068
4006
3561
3550
8715
9326
176
3635
491
6690
3728
5353
7832
4399
8444
9882
3420
6172
3636
7377
5193
843
1517
590
8050
1164
4882
3568
7308
7618
2377
3674
448
8217
9133
4698
8373
1572
5913
1049
1604
4312
6107
5543
8104
833
3207
9989
4998
8534
2921
3661
4878
2745
8190
6165
6583
3604
2229
8969
8647
3299
6688
6169
19
3627
8482
9449
2676
9376
5359
8577
9213
5638
889
9978
4669
599
3604
8227
8396
8230
8869
8487
8986
9875
4956
8634
6925
7774
2426
9579
377
5815
501
479
798
1624
8250
7189
3518
953
8388
3174
470
600
1694
192
8479
4645
7176
9696
6118
1876
6877
1218
5431
2756
7874
4988
8369
1834
8415
1515
5809
4031
4368
4706
1440
616
2754
2977
7113
5107
6744
654
7333
3008
1533
1712
1990
2034
4158
1006
5636
7822
7702
84
1282
515
645
6965
1951
467
3968
8924
2636
7510
3574
3416
2975
2926
9467
7678
5445
9423
852
6376
1967
4499
2552
3482
6208
7742
6857
8597
5549
5730
3427
8753
4320
3793
424
3197
3110
7809
2053
2377
8318
1523
4696
1024
5764
7304
4429
3910
1680
4124
2600
5194
7331
6663
3279
7817
3428
7210
5685
6385
2286
616
23
1398
194
1576
5584
2639
9859
3465
5068
632
3367
1944
6916
4908
2691
5044
9611
404
2136
6233
6095
5706
1604
8486
5474
7682
8623
3343
6922
4540
2290
4517
2285
9180
6287
484
2327
835
3116
3635
9517
5709
1296
8622
2110
5486
5872
7314
3142
4675
4204
7958
1154
5826
3329
1997
4704
986
766
7113
5983
3468
2751
7836
7093
5270
8288
5633
7673
495
8287
3368
7669
9444
2955
5555
4936
1931
1267
8950
3321
7394
8141
9083
5323
1553
2975
4650
7993
345
5079
5683
3015
8518
2082
4892
5368
2677
3153
496
8358
7496
7771
335
7526
8243
8151
689
4952
5073
3635
30
1307
3003
744
6608
2270
469
2008
5248
4709
4644
6626
9558
860
8046
6811
7784
6586
7734
6197
9661
1237
367
8786
7318
9625
1537
6721
2428
5670
3199
3957
3971
5260
1925
3474
8555
1254
552
8521
5866
665
8339
636
7514
8019
2023
5637
5524
7518
4374
806
7525
3972
3548
2469
6536
9817
7814
8574
2761
2063
969
1441
8050
2194
5076
5476
9881
7928
6036
9829
6899
1541
152
4653
7510
66
1351
6282
8396
187
1534
4251
4623
5698
6353
251
6694
5685
8443
8747
9930
6535
1856
45
1246
5358
2630
9259
6596
6867
3913
3632
1193
88
8160
9219
3381
3190
4162
591
7522
3969
9603
7190
6857
5750
5482
8868
8212
3800
993
659
3028
9071
7881
5164
1011
4446
6273
4691
5577
3012
2053
8434
6103
5486
5962
278
3100
5096
7345
6474
9882
6391
9120
789
4233
5512
5365
3599
9592
8543
7739
4284
3608
9747
9303
1856
9787
8993
878
3350
151
3576
9703
4494
9133
7040
5068
5125
2116
1394
9473
5281
8757
2992
1357
3435
8035
307
6567
7005
5552
9526
9184
1927
8536
2157
3901
2297
5312
6166
9288
9369
9294
7273
1584
485
2169
6258
1325
7805
1699
9847
7603
7422
2736
1085
1488
3076
6451
7031
2589
5700
4025
7533
2965
4384
921
4702
2896
746
6901
6744
9659
1243
425
9689
8778
7568
6096
4714
8370
296
9045
6678
6128
8487
8216
2616
2204
3150
9631
2556
1971
2754
1038
4493
9807
8999
4695
7153
8242
7539
3954
8214
7976
6491
1538
1088
9846
545
6035
9048
1340
8676
6202
1404
1178
4458
2595
1889
6469
721
5159
1770
7147
5637
6337
2638
10
5176
4847
3043
951
9197
960
297
112
6523
3927
2956
7088
2577
1589
6398
9462
287
5868
1988
3520
3321
8644
9109
8972
7312
7749
767
5864
7756
8445
469
1170
4847
1487
9072
8599
3402
6152
9023
3737
2785
6616
9277
7779
7293
8271
8614
2877
611
8266
6039
6596
2327
3186
8179
4812
7413
7742
3270
25
587
1295
147
7187
5066
8211
4602
5461
979
5295
3925
320
518
4547
6462
5692
5385
8402
4180
3075
4647
9083
7231
4526
8564
3451
8138
3450
4400
3130
8952
4070
7216
9426
5742
5270
7598
1908
8399
7775
8253
2319
9467
6473
5878
9653
7101
8546
1993
3765
5260
5332
9723
5957
2096
7753
3751
4156
4266
7717
324
8736
9407
3047
3375
5348
8066
5940
1686
6032
2725
1833
877
357
8892
4416
1389
4713
8822
8061
770
4859
3111
7472
1187
5270
1730
6434
6813
3230
2012
9551
239
2716
7563
3055
8266
2257
6988
2734
1459
4209
192
433
71
784
5912
339
5265
6100
2678
4078
9489
2586
1884
3483
4109
2715
4611
5350
4180
1719
6883
5786
6527
4546
1220
8039
5777
4891
512
2457
5777
1354
8335
8611
3981
4709
2067
8665
504
8544
3994
359
8058
2916
1796
8227
2715
7799
1495
6855
1156
8762
6597
1947
9577
7707
7259
6189
2935
6993
8468
6332
6934
4605
579
5358
5508
7721
8910
421
5165
2741
1841
4249
3745
6253
8804
2678
159
1462
5173
3633
5742
3152
7908
1804
4228
2961
3391
4305
808
7905
3272
9197
2519
4566
5348
6254
1520
3988
7070
4998
2030
3169
3945
3531
306
3705
7373
2063
9773
1761
7458
3481
2932
3337
2177
7863
7599
1919
9286
6345
8875
8565
166
6023
9897
1984
703
6611
9456
3207
4219
7111
8014
728
5937
3827
7233
1307
3977
1195
6850
5516
7260
8525
2376
1455
4563
7253
2522
9075
2219
3230
3571
8863
2551
5959
5973
5738
2285
8314
581
9197
6096
1165
4676
1306
69
9567
5098
8319
7980
3139
573
2207
138
4358
8913
1346
2747
149
1147
4567
4115
4255
2543
1279
5340
9612
4954
9252
5737
3091
145
9644
942
8941
5708
6732
6903
162
6171
5784
1019
9850
6192
4861
1012
5265
6941
1767
693
9033
4956
3826
4384
9310
201
9585
3087
6600
5770
7180
7632
2808
216
6845
2863
5659
9137
7489
3654
8235
1271
3910
8090
3925
1843
1032
1984
145
2812
259
5894
5262
1329
3367
816
8979
2975
5637
9850
9112
4524
2871
948
9717
690
6701
251
9452
2082
3373
3978
6529
4201
5868
8174
5300
4980
15
7018
5990
9660
2334
1539
8032
5907
508
1995
7372
4516
5384
8682
9696
747
557
5316
4117
2049
5442
502
6888
8673
1731
9316
5412
1356
3565
3404
9989
1740
5926
7534
5369
3588
9264
1676
8359
6773
3826
5012
1030
1830
6574
5915
3407
6790
5438
2513
7921
4533
3493
2838
2191
433
7649
2838
7220
8588
1966
9678
7315
5730
6873
5786
9020
559
4505
4957
7049
1169
7082
110
6153
8787
4119
5666
1223
8162
5187
8497
4227
5770
1028
949
9086
1131
8260
4946
9838
4416
7502
3040
9504
6774
8703
5826
1836
8894
3067
8624
768
9575
1505
7018
7068
4657
6927
956
416
4812
6835
959
7504
290
2587
1178
4521
8387
9907
1977
115
8265
5762
5503
3364
3954
4710
2222
2011
349
3270
4550
2273
3195
5312
2501
7605
4614
4728
5168
3486
4485
269
6542
5738
1011
3724
3684
7006
4419
4351
7698
9935
8560
3164
1509
8764
6099
9710
7561
5130
4786
1062
8633
1703
2418
5460
9331
1670
869
4085
4648
1412
8126
4687
8957
8834
7277
9174
6516
2408
607
2777
2302
5
2771
8300
380
8716
5639
216
4902
2804
6371
1657
3132
9947
5720
4568
29
6509
4468
6463
1320
2583
204
5559
8066
9831
9729
7788
5307
273
7684
6217
7767
604
518
46
6771
6700
7388
4867
1503
5905
6096
4801
380
7365
4847
357
6607
3473
1837
135
6964
6600
8488
5927
9318
8996
4609
4405
7520
4395
1891
5848
7239
6116
3372
243
4607
5917
3764
9493
5610
9768
9421
8040
9947
1625
8968
8983
6210
3950
7913
8273
2997
8451
9834
3431
2850
8177
384
4218
9062
4845
2093
3452
2122
8035
1839
6451
3676
7037
3729
4513
6464
3202
9432
1762
9320
5936
4024
3352
4992
3258
6838
939
1654
7048
1890
292
1532
9533
9393
1922
5554
9315
9353
8061
1639
4104
7701
3241
8696
5717
9112
8260
8349
7368
7077
4239
6265
6880
904
8317
7330
8687
9854
3774
3284
9815
5225
2392
9167
9782
4665
4579
6143
2703
4277
1111
3145
9782
8246
2417
2331
2491
1533
3833
4928
882
3864
6005
3548
153
3296
3886
9690
8371
1901
4429
4159
3910
3736
3331
3454
9382
9600
9196
1721
7051
4980
1198
950
4595
393
2013
486
7707
5999
2863
500
1546
6006
3472
1338
1065
117
1399
3123
9343
5773
8061
5013
7854
2401
6751
5962
6113
3917
7884
702
1017
6799
7960
3275
5698
6795
1690
6786
8316
5099
3109
4784
3496
3662
7801
5704
5644
3157
692
8825
8403
6212
77
1010
3800
6850
8869
5009
524
5027
9152
5990
5383
8293
4819
3391
5761
4838
6638
7971
2127
5337
147
6240
9982
1942
8853
2118
5408
5727
4598
9610
2624
1061
5129
900
8154
1604
5582
769
7559
3094
7897
1846
1380
8249
191
5224
3984
5802
8505
4678
219
8905
6723
7995
5971
1335
6804
8305
9957
9150
5362
1773
9102
2911
2445
6267
3071
659
9292
3110
7896
4691
6191
7477
9207
4147
6811
7498
1029
5295
4813
8731
5162
6852
541
2055
3621
1959
6583
2317
5529
9716
773
9830
5030
3964
2184
7725
8664
5944
1816
891
768
8576
7756
138
7015
5960
92
8824
9851
6598
8232
311
4979
4387
5482
5036
6574
4191
3209
4100
8382
1032
4395
7049
3302
5696
4495
2363
3176
70
2510
4105
8793
4526
8785
4669
7036
8121
9640
1576
2230
6767
9903
3435
649
981
9567
2787
2235
9948
7407
3331
3317
2458
2354
5894
2859
8131
889
6303
6200
9721
3466
2730
9712
4210
3131
2194
8608
1511
7998
5752
1648
1903
5180
5888
6729
9779
3961
8662
5789
2412
2447
7344
1198
1332
7867
2650
6521
6025
2666
8481
528
2691
6170
5154
3901
8377
3430
4478
5967
3306
7019
1248
2290
5356
4230
7515
9175
8691
783
839
2959
2181
7757
1975
5584
2751
9266
4977
7857
1589
2814
5934
6396
8534
7743
3296
6966
5931
7432
9715
3160
8112
4462
7314
2258
9388
6092
9605
3944
1284
7760
9291
822
2737
2465
9648
952
4812
4419
5314
4871
3674
2278
1252
2972
3347
9107
3281
1427
5154
6353
2684
5171
5065
5683
590
7980
1184
3445
5296
7778
8192
8778
3362
4262
6967
7833
8199
939
2981
6913
7385
4470
810
4483
3174
564
9586
8797
7270
6212
5972
1138
3265
4022
5451
9214
8602
8642
6781
4456
5827
6284
2837
9875
2772
7854
8122
4988
2666
8883
9049
963
608
7160
4660
2705
3886
9297
2008
4107
3951
9521
7689
6789
2857
7406
2362
3562
5816
3119
7015
7205
287
2639
3750
9276
2647
1291
8090
9679
4649
1721
9788
9257
3982
4932
7625
7101
2488
1910
3131
1700
3078
5427
771
8651
4171
8975
590
3460
6875
6287
5267
2922
8936
4511
7026
8350
3561
8312
2381
4387
8353
1480
7931
1666
6212
3528
410
6066
2503
3611
297
4846
6581
5157
975
8544
5685
7924
1526
9456
8400
321
7450
4781
8418
338
9879
6929
8560
2298
3066
858
388
360
1275
944
6077
1864
8460
5884
5500
2450
1135
3570
4824
6537
6326
5043
9156
7312
1555
3522
7963
1225
9387
8409
5456
7296
7056
3173
2168
9740
2237
6162
4228
3148
2178
9121
2310
1947
9235
221
539
7167
5015
3573
2937
1535
6831
3788
2039
538
3244
5023
7827
1634
5813
2813
3742
665
517
7621
6931
7268
6448
8979
7442
5872
3583
6339
2808
672
4348
9228
7735
5000
5496
7345
5348
4408
7339
8120
8427
5481
5251
1781
1798
7448
6170
536
6345
2522
4054
8419
2180
8959
8178
1302
2243
2662
3520
7971
2515
3791
3437
7583
7800
9224
6315
9200
33
4682
266
8903
4574
5745
794
6186
295
9234
358
174
4290
4519
2879
1228
3148
3090
496
7047
6754
2735
8090
3740
2705
1770
7250
9175
2044
9584
3323
1842
4979
6178
5511
7517
6324
8535
8735
1221
1199
2765
6193
8319
2460
2206
1830
1867
9410
1205
9269
3413
3510
2921
1929
7285
3035
9350
8245
4729
8573
4376
3481
3905
734
4261
472
131
4137
5960
972
5000
4416
9298
3563
7421
4138
5885
3845
9245
7240
2003
3544
9886
6641
4650
5941
7053
8469
7659
6995
8362
3499
9161
9685
9845
9692
4979
4906
8854
8102
8947
9066
6187
6625
2224
4640
5967
5447
8937
1933
5087
7119
7839
4928
2083
4066
1931
2288
5567
5436
9761
8635
9060
8465
8287
5313
8859
9419
4858
7363
9016
7490
2679
9865
9930
8385
652
9207
9743
2969
8037
3181
8971
5539
8423
4389
9516
5037
8962
6726
8571
5296
4926
4260
9227
6718
8137
5351
8709
4498
8193
9220
8622
8723
2494
8706
3484
6394
8790
6268
4694
9242
7481
4924
3017
4188
4235
3474
5631
3011
5560
9890
9281
1958
3176
9762
6268
6209
7599
6369
7968
7674
9639
7560
4197
6260
9047
9923
2651
8351
7352
9956
5712
9398
9767
2037
6695
9612
9377
9342
9011
5560
9169
2432
8583
8963
3949
8400
6874
8061
7013
8272
4818
4908
3863
5732
5683
8121
4202
6079
9097
8714
3493
5291
6252
6248
4312
5222
9378
5011
9224
4931
4489
7584
5977
4784
9213
8536
5279
7571
2574
7549
4664
9705
6011
9864
7973
9477
8849
9602
9005
9625
4249
6743
6236
5882
5558
6480
6869
2877
4505
4552
8174
8983
4008
9913
4281
5645
8729
7436
7017
8546
7983
7504
5988
7881
8967
5994
4299
7522
5638
8720
9035
9882
9692
2653
6855
9384
9729
7652
8637
5270
7817
6006
6704
5313
7536
8572
2968
8356
8216
3401
9209
6563
9256
4966
2647
2706
4706
3275
9937
5826
4418
5630
7114
5942
4040
9553
3354
6218
1259
4365
6434
7939
4893
4753
8811
6523
8303
4487
8019
5933
5511
1441
6938
5496
6043
1800
3460
8162
9646
9151
8306
5035
9129
8149
9694
5083
8645
7142
8804
5158
6675
3667
9127
5956
4899
8404
6179
6802
2616
6253
7620
9031
4407
7692
6131
8233
8188
8583
9406
8465
3284
7964
9334
7442
7929
8164
3415
4837
4988
655
7261
6821
9209
6368
8485
5798
4201
9469
2955
5633
4624
7381
7769
1580
9873
3168
8636
9458
9708
7772
9596
9080
6403
8887
3434
5027
5052
6164
7290
5979
4098
9340
6487
9600
8594
6542
7417
5815
7692
4972
7812
6512
6863
1195
9096
4087
7827
3350
7502
4553
7412
8755
2597
2368
2177
8407
8575
9774
9846
3410
8511
9279
8392
8496
8804
1374
9917
8784
9977
2750
4468
4896
8967
1217
8778
4141
4432
7700
6842
5856
4251
4539
7242
2752
8713
7473
9143
6452
5194
9902
2122
8285
9085
8051
9015
7479
9721
4888
8238
4269
8115
7399
7159
7033
8449
6701
4305
7352
7204
1142
4465
9133
3775
6308
5055
9767
6298
6152
3932
6631
4193
4743
6405
9558
7920
5596
6332
3557
9164
5536
5308
8630
5711
2164
4234
5926
6127
6501
7221
6438
6610
4882
4453
8278
4414
3069
6793
9278
4421
8234
8628
7748
8431
552
5962
5583
6325
8371
4280
8919
8519
3542
6122
8610
4145
9653
8879
8926
1472
3095
5893
5980
9492
5873
9221
8908
4119
3225
7009
6815
8609
9871
9076
8904
8519
8481
2707
9882
6367
9254
9825
5011
9488
7983
8176
9558
2399
7620
7433
5633
9100
7254
9890
3966
2183
6570
9527
8649
1534
4461
8936
3093
9998
8745
8285
6003
5470
8404
5775
9504
6722
4882
8792
6474
7394
8272
3945
5812
9107
4971
8931
2537
3753
7754
1484
8714
5947
9712
3670
3330
3575
6014
6986
9993
5208
7542
9895
7736
8183
5258
9084
9019
2971
5740
3198
9346
7036
6443
9482
6741
5642
5308
3216
8077
9339
7213
7495
6743
3099
9373
8894
6395
5521
7872
9388
2057
6256
6958
9193
5824
6960
5065
8882
2365
9765
6693
5644
8276
1496
1505
5234
6154
9436
6293
7104
4784
3771
9177
8460
9406
5501
4205
7482
5891
5027
7642
7423
5573
8962
8511
4216
742
9865
8686
8084
7615
7169
7285
8563
4868
9552
8331
4656
9395
8536
7533
4505
4901
9851
2660
9798
5786
2282
4048
3749
9792
505
4490
9973
6109
6817
5223
7803
4201
7776
9924
4254
8816
8500
8747
3642
6397
2584
6789
8868
3647
2298
7441
9490
7260
7664
7546
9212
6012
8619
1169
3453
8047
7401
1574
8598
5251
9918
7558
8757
8196
3614
5666
4075
9305
2846
9472
8263
2448
9885
4142
4077
6897
8703
3629
5917
3567
8400
5735
4746
9215
7015
4439
2159
6762
4457
9275
6888
7561
5035
8990
8050
1966
5367
6411
4716
8062
7621
6535
6143
7457
8915
5347
8150
1905
9556
9900
5557
7283
6034
9753
6344
8274
8552
7146
7463
9711
6634
8619
9240
3629
6770
7605
6552
8679
6521
4649
7176
6457
6125
6780
6898
1801
7500
4285
9839
5038
6557
9145
9321
8011
8172
5597
5924
6271
8382
8593
6909
9444
6700
9305
5613
7944
7015
4643
1417
5493
4142
4535
8822
4407
2181
6373
8015
4884
5057
4519
6800
6599
9225
3812
9959
9052
8468
9614
5257
5507
9451
6201
946
7824
8604
6104
8102
8175
7809
1763
9473
5135
7192
7566
6210
4672
4822
7750
7669
5355
4493
6771
6808
5012
6400
9911
9970
5049
4160
7616
7977
4926
8136
9387
6272
9669
8818
7060
6732
6987
3708
4174
7985
3400
7470
6586
6372
6266
9951
8665
9200
4989
8534
5892
6680
9243
5475
3314
9427
9223
8270
4503
5713
5358
7443
6662
694
8004
4857
8282
9000
7223
9965
6146
9001
7999
1738
9129
6185
7632
869
9047
3961
8757
8537
2878
5221
7157
9170
9059
9719
6650
9733
3818
9539
1315
2391
8375
4611
4169
8087
4377
3254
6038
3600
8574
6273
6497
5162
8460
5783
4751
8621
7188
7084
7561
9505
2230
8482
9331
9239
1853
2978
6081
8576
7045
3739
9043
9030
9668
9885
7824
8949
6517
9647
5392
7958
2456
2922
8872
9520
9061
9384
1123
6898
9553
7727
6898
7364
2482
7378
9597
2566
4321
6810
6412
7777
6834
8010
8637
9364
9252
9332
2598
5600
6183
9524
8929
9669
8509
9550
6140
8113
9708
7912
7400
8783
5351
9141
6650
9543
6063
8009
6610
3957
8397
8532
5808
7573
3299
1593
8774
7353
8775
2115
2725
5522
7906
9323
9585
5660
9684
8177
6729
5664
2590
9451
4743
7861
8077
4409
9629
6756
4987
8641
6714
8069
2052
8366
4084
5018
8511
9879
3670
2204
8368
1241
8355
9158
9235
5008
4028
9974
9177
4538
9267
4820
844
5473
6502
4413
7208
4384
6373
8779
7045
8395
9009
8258
9263
331
9425
7663
7060
9476
3037
9320
6174
3876
2612
8681
7903
5344
9921
9173
5594
7341
7554
8627
9508
6406
3312
5842
6623
7183
6584
8465
9099
9142
4623
5322
3822
7670
6113
7088
1477
7669
9289
5745
7160
9243
5617
7495
5297
8590
3584
8974
6758
2175
7438
6586
9950
5027
7198
3216
9173
8251
9943
8570
5083
6541
3402
6635
4417
5978
6937
3385
6158
6399
2017
9492
6676
2497
9018
8185
7346
9657
7232
2281
9011
6859
5133
5318
8031
8663
9241
7148
5969
8728
7918
9884
5184
6661
9864
3786
5790
4688
9584
4628
6580
8357
3885
7862
8051
7463
6302
7433
9174
9283
9740
5992
8494
3343
6099
8488
5316
9324
2334
6576
3404
8656
6154
9315
5062
9385
8072
7978
8240
3554
4547
2492
3615
1601
5961
6976
3678
8823
8382
9855
4025
9600
5959
6519
4275
7284
5149
2575
4659
4965
9193
9551
7112
7965
5480
3635
7715
7667
9526
7779
3004
9351
7271
9481
8060
9445
6146
5643
5571
7010
6602
8022
8861
7857
9788
9743
8460
8298
4813
6598
8522
8252
9327
8948
6104
8844
8650
8678
4967
7274
3943
9636
6639
6708
2964
5058
7405
9076
8459
5680
9880
8548
1775
9718
4276
8889
1198
8842
4922
9211
6805
3722
7438
4788
5951
5958
8973
6304
6461
6459
6449
6104
8205
6601
3553
7679
7962
5553
7608
3576
7919
6036
7210
8539
2888
4455
2619
9470
3449
5197
3020
8764
7921
9437
3421
9961
5676
7485
5917
8319
8124
9001
6058
6637
7764
7640
8467
6567
6764
3692
7014
4148
9104
7996
2263
7826
7726
3535
9375
7996
9561
3986
6600
3305
8130
4553
9824
5327
7674
7977
4299
1491
7359
2613
9087
8748
7798
8380
9991
8158
9424
9054
8000
4660
9756
8595
7492
7730
5120
7841
4031
9473
9815
7540
9311
2333
7597
7700
8373
8028
8753
9414
6143
6750
9017
8843
6685
908
6207
9354
8536
9093
5678
9562
9848
5657
4024
4520
9182
6460
3324
8803
7254
4281
9626
4831
7157
6548
5584
9910
9166
3486
3235
9725
4997
9115
9878
9197
6068
4054
9334
6785
7174
6149
7800
9798
9225
1735
6011
9632
6273
8206
9356
9689
7253
2279
2751
2389
8628
5767
4627
4589
5757
8362
5373
4210
5429
7736
5132
3794
4754
8830
1282
8439
4274
9455
7213
3762
9885
5267
5369
7154
7106
5167
3796
6344
7198
9509
8500
7735
9549
4491
7521
2440
8661
8892
9342
8923
7357
9764
7048
830
9348
5216
2964
7782
5720
9576
8047
7988
6814
3609
6407
7901
1957
1000
4764
9989
8026
3747
8685
8310
6687
9660
6063
7607
9163
8368
6121
8206
7112
3146
8967
7095
9040
8471
9799
1799
6722
1236
9718
6106
4767
8905
5961
9771
8448
6840
7655
3577
9637
5190
7196
8609
6896
9708
8672
4417
9883
4470
5632
8914
6662
4874
7001
8305
5081
9436
6982
6513
9869
5985
9824
9130
5454
6800
9757
8038
8706
7713
9407
8863
7917
6177
8980
5652
9192
2529
9274
4259
7449
9600
3575
7991
7944
5472
8306
7049
7560
6000
9709
4426
6988
9477
8083
9863
7519
7841
9660
9722
4741
9441
7991
2951
4824
3578
9964
9255
3650
7229
5629
6824
9064
6058
4206
9071
2150
5120
8942
3745
6275
6580
9615
1985
6404
1497
9150
1407
2423
6064
5494
2040
7968
9514
3187
5159
5861
8586
9454
4744
9069
5320
4692
5692
4857
5729
3210
5720
9032
8433
7511
7379
8159
6995
2980
4858
1144
9149
5146
4938
8320
7813
2131
9905
7222
6469
7145
9373
9731
2569
6835
3092
8056
4501
9430
7817
8830
2795
6015
9504
6793
5316
3012
9017
7244
7124
7787
9887
8546
5907
4535
3111
5204
4032
1120
9085
8331
2050
8028
7517
7772
1963
8382
4515
9227
7350
8812
8029
1963
8462
4983
7335
6008
1064
6941
6409
8366
9449
1440
5383
3163
9147
3024
5563
7609
9807
9983
2785
8449
8274
9934
8052
6979
2909
3418
8145
5442
9464
4979
8875
9297
3597
9953
8809
9013
9595
6493
4066
9004
6651
8865
8799
7003
2206
3687
7704
8746
6656
4831
7907
9625
9645
8665
9846
6886
9186
8020
5736
8259
4845
9096
9576
6760
3269
3657
3445
9469
8432
7782
6587
8661
8546
7773
5889
9104
8997
6323
3909
9379
8337
1762
9937
4568
6002
9651
9088
8302
8385
6726
6907
8490
3905
5113
7528
7640
9979
6563
3501
9993
5751
1916
4627
6907
4972
8977
1756
4397
2728
9154
8881
4173
1554
9327
8794
9589
9102
9317
4300
9879
4881
9459
6537
4792
2165
3559
1770
8569
5468
6697
6942
5179
6230
6463
1810
8799
9214
7924
7305
6483
8457
2841
8978
7807
9777
9389
6100
5170
7161
8262
1536
8459
9759
9288
5512
4936
7533
8424
7828
8028
7244
6808
4455
5656
8810
4647
1577
9490
7573
8840
8015
3645
5197
6593
7547
7070
6308
9980
4308
9081
3691
4811
5724
9920
9749
3607
6059
8361
8308
3818
4627
9651
8302
9505
6750
8799
9269
4771
6024
5807
8698
7238
7820
8401
3109
9784
4838
7963
9323
8009
9776
9375
5200
4843
9130
5766
3746
8568
4852
1448
5925
6175
6566
8329
3289
7021
9058
9899
7163
7178
7431
7653
1415
7193
5075
9630
9560
9593
7829
8919
9025
8266
7675
6494
4298
7833
1444
8239
9303
6737
7568
3543
4178
9545
8991
4931
8809
6228
9616
3033
6966
8745
3188
9155
2598
2831
8882
9105
9503
8673
8243
6948
609
8540
9419
9831
6294
5989
9379
7674
9080
9320
7164
4976
8423
9246
3308
3950
7465
8130
9412
9517
8852
7320
2439
6313
9603
6965
4035
6277
8768
5579
7840
7302
4220
9649
7633
4982
2452
8081
7096
9004
6231
3642
4952
8703
5366
5630
2272
7463
5973
6449
9220
6559
6088
9417
3006
3048
7381
7382
4377
7021
9311
8654
8053
2532
9820
8861
7813
9870
9145
9378
2420
4428
1522
2722
1588
9099
6748
5435
2538
4906
2153
6314
7028
8632
8951
9073
7668
9658
9555
9847
6696
5500
9094
5560
9541
4238
6484
8083
9710
4106
9972
5376
6526
8055
4531
9514
8889
9910
9893
6038
4208
8503
2850
7816
7615
9548
5078
4336
4785
9067
8499
4629
5666
9954
2705
9258
8410
8266
7844
9875
9179
5294
7538
7853
6936
7726
9698
7460
8652
6401
9886
6097
9913
387
4755
8896
2401
6512
6217
7883
1436
7230
7619
6501
6454
9434
4230
7020
1586
4605
9862
9708
8597
5160
9054
7493
7636
7840
7740
6879
2934
6121
9329
5357
9149
8454
4901
5942
3037
6499
3929
4898
7364
8116
7774
9075
7860
3896
4995
8312
4762
5866
9713
8414
8327
8229
6141
8525
7096
4666
5301
4378
2541
8120
3711
7511
4567
7974
6352
4564
6528
4489
3246
7384
5646
9312
5558
9884
7856
4373
2798
7779
8942
109
5672
7738
6876
7691
6387
3160
2679
9554
9716
8337
8712
8231
8961
5825
1202
9332
8509
6558
7108
6784
7046
5224
4357
9386
9980
1581
3887
8785
5904
7660
3984
8416
3411
5302
8601
9688
5563
3955
4578
8363
7697
4232
7541
5002
4782
8973
3711
2581
6474
5343
5390
6668
8865
7691
7415
9478
9137
6771
4702
7790
3918
8989
3278
6831
6857
7291
9425
3872
4279
9374
8072
9620
9346
6661
2336
9036
8635
5695
9678
6818
4630
8573
7004
7480
5972
8626
8190
7399
7309
2400
9519
8516
4966
6630
3936
2796
9269
9861
7374
7643
5726
8109
7196
8488
6037
5364
4276
6737
9413
4286
4218
9743
2512
8932
5534
8937
9763
7403
4948
6883
4727
9302
4187
3044
4747
6382
9060
6004
6915
8402
9003
7491
7118
6191
6134
5955
4147
4852
9554
9963
9313
8945
7232
3377
7948
9451
3668
5254
9062
5580
8348
7221
6881
4977
9387
8535
6081
7021
5594
6966
873
1481
4356
6313
8512
4385
8451
7103
6910
5020
8982
7297
1926
7221
9963
5213
9287
6118
4267
8819
7710
9488
8423
8593
2698
1012
9258
9154
9547
4688
9218
8392
5543
550
2839
7501
6558
4608
8051
7094
8958
4154
2926
3831
7810
7725
7870
8179
8566
8695
8982
4315
7427
6944
5193
9069
6447
1634
6562
6401
5260
3747
4055
8629
6098
4650
4355
5462
3189
9883
8375
7822
4086
5277
3545
5518
3880
8318
8371
9896
8390
9222
7581
8962
7862
2443
2699
6991
5583
5211
9924
9855
7402
6682
8813
9897
8546
9538
7733
972
5459
4457
8915
9692
8144
5966
9176
3816
2785
6538
7844
9221
5397
8041
8025
9238
5872
5924
3633
7246
5023
6661
1794
2863
8581
6223
4576
7416
5759
2669
8473
9160
6759
6900
8949
9800
8749
6872
8845
1209
5073
8679
8462
7781
4999
4098
7208
9906
5933
6972
7476
6007
7641
5693
6148
9621
6080
6256
8575
3465
4704
5071
8356
6656
1021
8490
6707
4684
3096
6324
9183
9065
8049
9227
9137
9948
8814
2763
4595
7705
7969
7767
9882
9758
9768
2867
9974
1258
4378
8084
8505
6475
5471
7637
7491
9393
5191
9272
3497
9231
4858
3044
6260
1487
7120
9396
5835
9235
7423
6230
9537
6256
7959
5373
8517
3412
3752
4645
8427
3431
4863
1736
6141
8473
4631
8092
9472
4981
8217
7770
8246
5051
7428
6116
9752
2050
5776
8154
7271
3922
4956
9438
2362
9336
9418
7213
4518
7638
5069
9333
9133
7941
8124
7774
4213
5542
8908
8603
9107
9417
8694
5767
7911
2127
8771
3250
2572
9244
4874
8318
8170
7608
3400
9486
9612
5633
6835
7860
6669
9691
3785
3589
4869
9975
5857
4289
6634
3494
7324
8337
5780
5844
4486
7661
9948
4838
5747
5415
7994
6242
4989
9952
3374
5884
3713
9994
8280
3840
9634
7192
9405
8627
8923
9871
5541
1731
4906
7196
3569
2867
8322
4011
7399
4973
7110
9946
5425
8632
7325
6558
1725
5206
4934
3152
7996
8765
7309
6234
9686
8409
9256
8448
3885
5762
8609
7529
6872
6602
8688
4653
7226
6873
3178
7223
7776
9899
8695
6241
8497
8576
9798
8605
6346
8751
2929
9884
9850
9518
4398
9024
6799
6980
8522
9522
9595
6429
5859
8040
6827
7913
8138
7574
3185
5883
3808
8999
5913
1155
5366
9126
3868
9865
7938
5666
9321
7739
5288
3136
8387
3886
9659
9266
3280
2415
7859
6379
5577
8147
9446
5998
4873
6789
1823
5234
5472
1329
5977
2669
9877
8287
9955
625
8096
6647
5922
8511
7465
6223
9641
6310
2630
7316
4979
9538
9725
4600
8332
3228
6121
8464
4699
8390
7616
8768
9880
9160
6079
7534
5843
6571
7195
5348
4990
7893
3623
6671
8823
8893
9414
6837
9798
9814
7537
2766
6733
9781
9839
9343
9009
4517
5996
4113
4551
9910
8947
5194
8024
8165
6563
6479
9178
9644
9842
6658
9772
6284
8303
6009
8099
7996
7925
5458
4853
8280
2428
1680
6466
8976
3161
7674
5998
9603
7361
6759
5731
5342
6549
4905
9032
7530
5561
8222
8757
4609
4291
8086
8755
8635
8558
9406
6211
8726
7554
7123
9659
5065
7479
675
9833
8825
5070
7190
7255
1196
2047
2876
7434
8656
8444
8869
5894
6130
1468
6170
7387
8075
9405
5589
6978
3326
4993
6814
9910
8977
9003
7082
7873
5267
8738
3350
5935
6759
7688
8494
4635
4560
5470
7032
6463
7312
2750
8346
4602
4699
4566
8234
7935
2587
5987
7488
8159
8293
9095
6633
8772
5530
8376
6774
4151
9889
5489
7027
7269
8678
7522
9264
9192
7121
7638
9075
1112
8271
4881
2044
3248
4255
4130
5966
9583
9241
7953
8692
6424
8117
6332
6413
7395
7655
5339
4310
6077
2572
5679
3268
5751
6091
5402
4335
7041
6265
5470
4880
9693
9660
6094
3574
8188
136
2464
9707
9873
7162
5854
8537
5052
8494
6923
5586
7573
4324
6387
3728
7849
9883
9089
3424
7548
7671
6606
8372
9470
4739
5351
3000
6404
6251
9165
3935
3246
2692
9715
2272
8025
7407
4780
8988
8160
8085
4339
5307
4572
9994
7932
9070
6394
6401
5729
5431
8062
8935
7015
9361
8824
8130
6728
6423
4968
9270
7473
6548
2741
8570
9852
7634
2040
9368
3106
7096
5309
9457
6241
5282
7598
6171
3578
5686
4410
7171
6941
4435
6023
5617
3597
2863
9861
6053
6208
2396
6923
7792
8204
8147
6533
7226
6047
9558
8032
3594
7877
8016
2507
8220
4760
7786
9916
8679
7342
6368
1671
5770
5565
5353
8604
8010
3086
9603
9947
7205
4734
3738
5251
9469
8857
2263
8101
7971
9089
4822
7075
9590
8856
9219
1580
6835
8442
4255
9124
1418
7137
7732
7997
3139
7687
6016
4117
7665
8928
8100
9117
9064
6405
8458
7354
9806
4380
7454
7807
8082
9162
6340
9719
7489
3170
3405
3677
9584
6458
4454
9930
3435
8686
7803
1717
9711
9902
9785
7912
6462
7068
1256
6026
6588
9873
3193
7643
5190
9028
4513
3190
8917
1743
5686
5927
9946
7837
7318
5216
6238
6362
4534
2742
5590
3222
9120
5228
9716
5578
8403
3465
5838
2257
9242
8685
7567
7255
8191
8667
7715
8930
7118
9902
9709
6331
2761
6908
2550
3446
7355
6250
3996
4610
7375
8291
9733
9214
7349
6886
9174
7895
3154
9522
4863
4949
6311
7797
4581
5572
9212
5470
7663
8318
7062
8152
6854
5343
8883
3030
9661
8474
3331
1714
4789
9590
6137
8421
3395
8483
1595
8859
3708
6571
9349
9687
9316
9009
9169
9762
7078
9750
6767
6107
9558
9063
5264
8202
8541
9662
6259
7825
8659
1089
4668
8729
740
9641
6765
9894
9123
6051
6472
2755
8014
1677
4247
5659
9977
6150
8771
8913
4594
5315
7014
5911
3675
8016
6090
4372
6258
8535
7596
8621
5959
4132
541
6380
7810
7976
4895
3616
8459
6629
5295
3005
1641
7604
7998
8812
7397
8970
4477
7272
8520
7128
8462
8495
5554
9025
9248
7469
5769
4480
6819
8456
5899
5799
7419
8296
9909
2557
6648
7821
9964
9211
4739
8863
5623
8348
8904
3038
4394
8363
8483
5824
6389
7495
5314
3102
5275
6640
5641
6611
8209
2506
4182
984
9775
4721
6969
4487
2115
2710
5500
1604
9820
5430
2099
7200
6691
8039
9790
9606
8628
8829
9442
6770
7303
7425
7329
697
2987
9582
5976
8636
3554
9630
8250
5497
2162
7945
2857
6348
3950
1982
4340
8451
5463
7227
542
6588
6436
2076
6518
7851
6200
6102
4763
8177
9602
6371
2943
6063
7221
3519
7031
6146
812
6982
8506
1930
9197
4025
8663
7264
3143
3440
8168
9112
3153
8052
8756
4970
9990
8495
9713
8777
8072
9327
7945
7697
5915
8945
8847
7842
4616
8265
6363
9347
4209
8698
4009
7890
9387
9190
7655
9854
2690
6612
5694
6314
7648
6217
6885
1025
5386
9771
2341
7721
5014
9835
462
8090
3959
2367
9116
8697
5626
3479
7572
5127
8078
9236
3507
5463
9811
8787
9327
8151
7321
9211
4047
9623
7938
1596
9805
6475
3425
9101
5262
7416
5052
7564
9318
4651
5721
5542
7416
8041
6262
3878
3529
9567
7234
8109
8243
6744
6922
7724
9989
9556
1156
6289
5681
3747
7591
4174
7076
5818
5679
7627
5733
9736
7366
6766
7108
5605
6409
4502
5550
8540
7713
8352
3261
7773
9951
9053
7435
5904
7211
7264
6950
9291
9289
3493
4564
8531
9234
9165
8393
9651
6823
4013
8439
6845
7751
6244
6676
8725
9914
3348
3541
5995
8023
6422
868
9822
8910
4976
2309
1515
8495
7415
3342
4502
4423
7591
7429
6612
4929
9684
7567
548
7288
6817
3453
9880
9299
3183
8481
7066
9290
5220
5163
4468
8524
9373
7085
7123
5375
5419
9479
8305
4720
8948
6684
8690
9472
4158
4031
5079
9547
9047
9450
9986
5499
3491
9171
882
4576
7207
8770
6046
8196
6732
6928
1942
7501
8285
4898
6067
9650
8935
1827
5478
2047
9905
6515
5376
9205
6914
6656
6632
6857
9955
8120
6858
8235
6797
8947
2423
6476
5065
1821
5196
9438
9690
7301
9212
9962
5454
5533
7137
7942
8396
9461
4701
9868
7740
9209
1392
9380
8773
9100
3224
9214
6021
9771
8501
7303
9787
6021
1985
9015
4054
8992
6238
8075
5529
9912
6117
6097
6109
3387
1571
8325
8691
9189
5981
1142
3658
4360
8135
5276
6343
6962
8473
3840
6342
8361
1641
8831
9671
9815
6682
4446
4143
6549
8247
3913
2472
7677
6214
5960
7916
4595
6752
7462
2571
8622
8807
3772
9566
6177
4545
5646
1573
5920
5228
9775
8524
7191
6701
8304
7548
9254
849
9006
9493
5344
3229
8657
8151
6826
5609
7324
4466
3914
8302
5885
6216
757
5258
7725
7256
9319
2906
3453
5580
9015
7963
5680
4086
5832
3738
4169
9676
5904
9401
6031
2948
8397
5754
9560
5923
6173
7255
7937
9420
5063
3190
5545
7279
8921
6886
8148
9182
6465
8466
6260
8426
9865
8014
3779
6287
9947
8858
6016
6735
4260
8325
8497
5408
9266
4718
674
7370
9305
9144
5056
3124
7597
7644
9770
8525
9392
9254
8106
7003
7364
8239
8221
8603
6102
9789
6412
2314
6692
1899
9744
8453
5224
9844
4008
7160
5684
8365
6645
6441
7082
5922
9526
7898
6579
7939
5904
4434
4728
8046
6669
7873
4473
9221
8212
1576
8973
9069
4126
6400
4190
6689
2530
5889
9301
7381
6221
9405
9993
7225
3345
9314
6401
6223
9640
3790
8569
7906
3109
2571
9368
7279
9577
2106
6765
7930
7077
9120
128
7957
6696
5144
6907
4226
6669
8882
5118
5605
7740
2719
5596
5266
9585
9243
2599
1664
6723
687
9664
8386
1243
5478
2512
9755
9505
8940
8109
8711
9753
7227
8965
3858
7301
7875
8895
9914
9359
9891
6972
9947
4207
9535
9579
7559
9551
6957
6684
8072
3521
8239
9141
4580
4551
5590
6994
6633
2794
9788
7410
8288
6213
8683
6980
7152
3594
1716
8208
3870
7750
2702
6719
2813
433
2422
6270
4914
9186
6120
6959
9903
8064
9163
7831
4604
7073
6728
7236
5967
4690
7963
8947
9464
5562
5882
6100
308
9095
2458
8196
3984
9535
4489
2078
5001
6468
8361
9982
7173
7648
7482
5786
5677
6759
7999
8211
4270
8152
7667
6264
6767
5874
4442
6816
6591
9213
7577
7678
5841
7217
3357
8627
9813
2592
9729
5612
7275
4983
4058
3065
6123
6224
4236
7881
1977
9813
9896
4667
8437
8433
6331
9851
4499
7739
8302
8973
9762
9162
9553
4828
7557
8583
8590
6721
8796
1409
9976
5040
8550
3582
5407
9192
7091
9156
9899
9416
1931
9432
8551
9040
6659
6776
2244
1698
7354
6792
2693
8986
1676
2670
9449
9666
7678
8028
7272
4494
9899
8649
9811
3623
9450
7803
7677
7216
9613
6474
8580
3441
4008
471
7213
9624
8506
5879
5375
8324
9150
8783
9584
9822
8132
9387
9244
9608
4550
4166
6576
8580
8600
2104
5544
6462
6063
3343
5453
5371
3179
8711
1654
2881
4170
2384
9091
9000
8006
1308
9604
6087
4347
6921
5601
2782
6835
7228
7704
4346
7681
2700
7926
4712
6961
9743
8481
5756
6670
5122
9042
7797
9741
7110
4965
6055
1034
8498
3884
4846
6240
3419
6636
4615
8923
9867
5993
9348
4556
7347
9219
6513
6088
8267
6570
5749
3952
4858
6442
9260
6381
3669
4995
6590
8942
7438
8341
9393
6154
3013
2380
3312
7362
6181
9191
6140
7845
3628
6432
917
9105
2758
9659
8200
2014
4939
5496
1806
4804
7366
5928
8610
8699
8995
4242
9934
8604
9678
3455
6641
7400
6335
9711
7552
9298
1922
4370
6405
5533
1874
5973
9605
7432
4492
6333
9209
9751
6439
4624
9466
5790
7344
1823
8795
6994
4714
6955
7434
9724
8476
7222
7819
7450
5906
4748
2486
5793
2296
6701
4335
9366
8828
6595
8273
3093
7840
9897
3647
9101
7476
8709
9680
4942
6619
6470
7448
6486
4298
3615
2232
8743
8765
8711
4902
9926
5066
4412
4731
5745
9914
9361
7011
9208
8024
7506
6513
9588
4058
8379
6432
7135
9916
4362
6988
6743
9712
6515
7916
4320
8933
9656
7656
7786
8406
9999
9335
9116
2514
9621
8019
3713
1577
1045
4718
6299
9032
4048
9844
1574
8173
4468
7664
3140
6249
8310
5122
6625
9425
1763
6996
8952
7002
9489
5884
8723
7379
9759
8681
7195
4757
9783
7985
9101
7606
8080
9226
5806
2570
9407
7631
9493
7154
3112
4796
2294
7043
6382
4259
7182
8871
5247
9939
9328
8504
8509
4918
2171
5835
6578
9989
5599
7487
6629
8653
5177
9197
9901
6808
7186
9717
4600
6114
8278
9415
8479
7043
9346
6676
7464
7637
8287
3631
3003
4202
7055
397
6768
7953
8987
9779
5591
7737
1154
3207
8682
5426
7028
7459
6574
9088
4590
8044
9558
3448
5940
8607
7173
7696
9875
9996
3053
2913
8237
7685
9042
3182
5626
7772
6558
7406
9925
4523
9263
8069
2008
9211
9175
9701
6638
8477
4295
5551
3817
5945
9116
9182
5728
9710
8175
7739
8406
4127
7207
2201
2244
4128
5312
2952
5349
3860
5974
8093
9856
5037
6959
6450
5821
9156
9090
8923
2746
7794
5846
5923
6679
1867
5679
8848
9764
6550
9416
7488
1816
7880
5992
8820
4537
1740
4693
7220
596
6050
6322
8083
3877
7478
6432
9356
5344
9802
9552
6908
4825
7741
9777
7370
8418
9703
7034
9234
4104
9415
7097
7765
7980
8808
8893
3927
8492
2559
7176
6246
9980
6891
1655
9302
8628
6335
4611
8817
8865
4746
8387
5030
8891
8955
7015
4707
4360
2890
7805
2791
5528
5450
8650
5887
9639
8818
5890
4132
3516
3602
9066
9255
3236
9265
5758
7307
3914
6186
5730
1007
3066
4835
2077
9447
8691
9190
4090
9357
7316
7225
9268
7694
8779
7884
5821
4234
3699
7442
8441
6733
9368
6405
8261
5142
4366
8003
3541
7153
3672
6212
7341
5381
6599
6078
5705
7962
9280
9523
9376
5358
8520
5201
6389
9300
2461
7600
5189
5018
8882
3154
4204
1567
4078
6955
9843
6589
4209
4075
1429
7133
9210
5800
4702
5896
8219
9577
8946
8690
8427
6799
6488
1119
6646
7586
9666
9491
8488
1481
1857
7130
9950
6342
5665
8330
5550
6895
9495
9528
9919
5556
9463
5458
4735
9866
7954
8377
8504
6594
8868
9881
3924
8071
3967
5275
8493
9537
1775
6748
8607
7188
9664
3924
6579
7699
5509
7649
9246
6663
3248
4833
8691
7521
9522
5061
6341
4438
7763
4291
6616
4080
8015
6319
8873
6861
2772
8332
9740
8549
3132
7490
7737
9308
9353
9343
2310
9860
1554
4727
8610
7742
5648
3151
9110
9599
5801
6961
3471
6592
8314
4974
8193
8164
8415
4776
5423
1855
9501
8719
9566
8190
9118
7041
9272
5101
5511
4576
9063
8289
9406
7006
8957
7934
5536
3942
6403
8945
7621
4932
1140
9457
8337
6402
6924
6399
7302
8850
9903
3365
9967
4373
6185
3901
7642
2151
8523
3721
5523
9816
4349
6474
9291
7958
8345
1885
9760
5614
5346
5910
1818
9467
9936
9852
5732
8687
8622
1240
4089
5081
8933
5555
8248
3066
6677
6535
3523
9866
4035
8434
4029
5679
6864
5865
6024
9107
8194
7605
6697
8664
5345
6931
9446
6258
5114
2320
8877
8824
7305
9353
2376
7281
9695
8200
4401
5139
1790
5117
8506
5578
7365
2557
7763
7535
4785
9431
8809
3331
9907
5295
6272
3427
5459
4836
2178
7528
7784
6244
4758
7821
8277
6959
8348
7961
4065
2991
6260
8101
9548
9283
8125
9490
5064
9978
5357
9060
5613
5214
9577
5767
8402
9173
6585
5340
3720
3492
7918
9034
9697
6265
9240
7433
6477
9189
4304
2626
8311
1041
5100
5439
3029
8713
7439
955
6912
8421
9080
9645
6360
9588
8485
4442
9992
5605
7173
3861
8993
8047
7662
9925
8533
9884
9854
9563
9947
4388
6055
9246
9438
8231
7023
8493
7347
4300
9500
7109
6205
9674
4465
7795
9959
9640
2172
6894
5321
8548
9737
7052
9581
1323
1205
4757
6883
3651
9791
3149
6333
4921
4795
2571
8689
5000
8886
9395
6610
7946
7273
6990
9021
9082
5773
6710
3707
5263
5355
7650
8359
5423
8532
9530
6276
5253
9511
5544
7175
9953
5135
6764
4866
8498
9926
9697
9510
7665
9653
8877
8024
8364
8510
9897
8905
3274
7540
5580
9921
6650
4987
9458
4570
5391
9918
7699
3761
8797
5974
6611
8265
9753
6438
9816
9368
7164
7778
5942
8602
5512
3886
5712
9300
5688
4283
9848
4102
9254
6528
6570
8039
9314
7833
5094
7454
9268
9028
9140
3981
2401
9404
6107
3880
8891
8685
3061
7555
9232
9643
8222
8470
9836
9861
9848
2537
7764
9860
9479
9731
6438
8315
7844
9064
7114
9022
8342
7861
3412
9615
7381
8838
8898
7176
6797
8608
8663
7566
9809
9068
7645
5136
8392
5966
9683
8100
7880
9663
9260
8600
3615
8316
3454
8774
9928
9222
8151
3189
9496
4784
9123
8991
5490
8672
8816
5804
8003
9904
7433
7244
8272
6143
4609
8850
4258
9725
9619
9749
8940
3909
9334
9696
8182
9810
4958
6763
4727
8291
7406
7752
5827
9747
9367
9167
5511
4424
5149
7474
9797
7435
9739
8706
6799
5815
7933
3741
9643
8641
7350
7430
3692
8054
8420
2106
9739
8008
8970
6794
8626
5496
9633
7258
6464
8579
4799
6886
9388
8072
9438
9770
9559
7693
8585
8695
7890
9823
6828
6063
7714
9792
7233
8089
6069
8635
4634
8086
8011
2024
5327
5710
7398
8452
1999
6320
9419
9148
9667
8344
5216
3288
4734
3631
4730
7408
9030
7143
6723
9603
9884
8809
6318
7626
9138
9468
2611
2536
9758
8689
7879
8984
2157
9882
7409
5103
8088
4321
6912
8396
6358
4777
9247
6933
8580
9692
9085
7477
8499
9013
9330
3021
2162
7939
6103
9965
6895
9865
5934
4427
7529
8626
9915
7810
9215
9547
7487
8508
8398
6800
8641
9347
3663
8857
7502
9319
5933
6317
9952
7262
6208
6593
5196
9317
7254
8313
5803
3940
9217
2244
7934
9612
9247
6979
6493
5515
7978
7004
8842
8135
9497
7255
9353
8488
7393
8083
7877
8269
6726
8731
6817
3920
3383
9210
7731
8470
7798
9609
8428
7740
9934
6034
9389
9716
7308
6379
6526
9254
7590
7709
6028
6563
9264
9619
9904
5298
7463
9526
7048
7520
9528
6225
4441
8990
8773
5214
8374
9503
8954
5113
7610
8916
5277
8485
8691
8118
8724
8978
8713
9416
7225
6492
8006
8600
7766
6440
8463
4359
8913
9434
8413
9129
9649
6360
9683
9295
4120
4993
5192
9957
6804
8542
6877
5448
5401
5055
8946
5076
8037
7312
8187
8634
8746
6652
7063
5467
6651
7566
7773
1496
9501
9824
9743
9065
4501
4655
5150
4685
5990
7676
8441
9952
3899
6448
9468
9844
6608
7048
7788
9746
7837
8199
8827
9059
9063
8781
5156
7868
3796
8259
4733
8953
7888
6359
9052
8124
7749
8984
7759
8052
8288
6334
8181
9152
9954
7609
5680
5137
9084
7303
6108
8530
5362
4679
9712
9586
5954
9349
9480
8733
6155
6646
9830
9978
6968
9932
4127
8398
6669
7979
8523
9446
6446
5808
8920
3004
8031
6250
7338
7854
9775
7700
8547
6125
8520
6762
9991
8735
9115
8506
7849
5316
8727
8710
8027
8379
5969
9019
5895
3696
8133
362
6898
7462
9602
7685
9962
6168
8683
6441
7466
5665
9345
7753
8901
9418
8826
4712
8966
6715
7130
8568
9778
6808
9917
6991
9602
9778
9499
6726
8730
6417
8895
7741
7847
9119
8206
8111
5129
8730
9579
8168
8407
5441
4580
9452
3922
6285
8147
4940
9827
5993
9754
8158
3367
6205
9692
4780
8169
6015
8470
8167
9974
8809
9915
9061
8713
9927
9791
9782
7230
9989
9902
8633
6787
8943
9357
9181
8113
7137
3469
7443
2829
9820
7847
7991
7274
8167
9184
8537
9663
8145
3524
6942
3671
8503
5452
8893
5637
6333
8525
8573
2554
9129
6130
9309
7325
6539
8835
8124
8751
7940
9267
5884
8649
8525
5141
6021
9719
6668
6380
7353
5025
8788
9013
8335
7219
9896
9899
7060
6397
5275
9417
9289
8685
4776
8647
1433
5817
9954
4186
9590
8972
5494
3855
3490
8283
7490
8191
7111
8391
9634
7344
4441
7497
8309
3188
6889
7016
8008
5619
8698
3510
6277
4981
9060
7435
5895
8268
9840
9684
9464
4124
6896
8643
5094
8258
4261
7362
9110
5999
7607
9462
9171
9249
5092
5668
8797
9030
9128
7770
9638
6048
8088
8386
8947
7566
6982
8148
8728
4347
4658
8741
8456
8876
9670
5652
8539
8762
8592
9791
7965
7407
5493
9044
3623
9136
5052
7398
3228
7537
6125
6700
9491
4659
1861
8877
9763
8076
9320
8746
9433
8160
7535
6542
9403
9519
8982
8396
7303
4744
7335
8904
9822
8742
7299
7509
5576
9879
9877
8429
8427
6274
8463
9220
7322
4677
8397
9779
6983
7992
5769
9638
8784
6998
8810
6309
3485
6658
7844
7778
9089
6802
9852
8637
9148
6826
8668
9765
6703
9765
8158
7853
9289
6191
5905
7018
4434
9733
9121
6926
7063
4147
8476
8630
5464
8320
6548
7793
7066
9769
8886
9415
9083
8122
8420
6750
8917
4999
4442
8956
6776
7331
7953
6386
8316
9601
5791
9101
7497
9796
9719
9179
8512
6621
3520
4270
9999
9109
6007
3619
2415
6057
8819
6868
6288
3874
5014
3861
9518
7243
8073
6437
9050
6558
4759
8257
5711
5189
7279
8860
8975
8936
9630
9568
8763
7729
9806
9531
9242
8237
7316
8375
4702
7456
8060
8784
6447
6536
9067
4773
8970
7837
4701
3936
4524
8340
8680
8427
6150
9716
9433
9474
5533
7264
6400
7929
9674
8005
6904
7972
3613
2890
7783
9361
6275
9631
6868
4197
7624
8515
9956
8339
3242
8941
9276
9386
2952
8505
9813
9388
3237
8117
9277
9336
9004
9111
6759
5917
4571
7579
5466
5894
9259
7828
8843
7519
9304
9881
9591
9534
9233
9949
9137
8857
9793
7366
6169
6785
4675
6983
9975
4531
8124
7122
4946
4699
9751
3424
6258
9874
4942
7459
6133
8198
6794
3073
4879
8991
8751
9606
7651
6601
9224
9007
6435
7268
9662
3379
8403
9147
9060
8439
8274
9452
8694
8107
9488
8228
7704
8091
9946
8628
9069
9935
9424
7754
9059
8345
6094
8263
9201
8843
7066
7557
9498
7857
9195
9159
9526
4318
9208
8221
8620
6935
5302
5235
6041
3658
9650
6721
7787
7350
7104
5010
8686
9365
8778
8213
8727
9909
8182
7250
8839
4423
6799
9539
4849
6380
9894
8261
7085
6603
8873
7457
9775
9641
8724
6715
6645
4131
6361
9758
6091
9561
7855
8421
8307
2197
8123
9446
5746
9905
4759
6805
9455
6759
6424
5972
9652
7228
4535
8840
9390
6560
6506
9583
9822
5122
9350
8671
7196
9510
7810
5960
5242
8111
3296
4501
9744
6606
8149
8804
4074
7932
7921
7010
9675
1120
9927
8004
9935
9139
7119
4416
8793
5725
5918
7400
6538
9086
9939
6677
6588
8572
4997
5143
7116
8329
6507
7727
8866
8282
8263
9539
9512
5252
7612
7590
9714
7245
9087
8875
9780
8324
9931
5444
9022
9311
4580
3263
5972
9462
8945
9559
7507
8585
8344
7865
9204
9623
9974
7210
5102
6302
7484
9415
4611
8477
7977
6661
8752
9731
8379
9115
8922
8341
9888
4204
1259
5551
6904
7814
8349
3598
5530
7830
9576
4531
4002
7966
8434
6692
7202
9096
7976
8396
9562
8218
8388
5239
6135
9917
5576
7662
6879
6684
9984
6075
6678
7550
7705
7489
9660
9717
7886
9786
9242
8035
9449
9371
6215
7476
9808
9914
7332
8539
8957
6370
7159
9373
8126
6837
7649
9100
9824
8153
7441
5156
7433
8618
7920
9113
8345
9667
9497
8008
8172
6529
8350
9279
8297
9287
6584
6072
8062
6968
4909
9490
7668
9868
9985
8952
6891
9363
7496
7593
6044
9056
6347
8471
9177
9858
9955
7912
8220
8317
8103
9094
9545
9512
6296
9591
4180
7138
4291
9786
6556
6424
7852
9338
7695
6877
3955
5174
9218
9123
2375
5117
7343
7569
8600
3182
8117
2008
5696
5789
8354
9067
2996
5686
6868
5426
7754
9994
2712
9047
9781
9633
8190
6418
7140
3960
5309
4262
8336
8245
9953
3491
5199
9634
5512
6803
8988
9138
9653
9013
9613
8477
5238
8046
7239
8837
9433
9183
9354
7397
9136
6316
6661
6926
9481
7311
7654
8838
8632
8913
7886
9582
7585
7750
8844
9249
7268
7071
8682
8508
8617
6241
7858
6807
7951
8228
5628
6770
8444
9744
9904
7630
8067
9662
9425
7028
4468
9095
6999
8605
8120
6937
5830
7506
9425
8901
9146
9444
8625
9792
9913
6988
6065
9454
5846
9122
6473
6599
8790
9558
9834
9634
6249
6797
9022
8464
8537
9684
9927
9267
7313
6335
8756
9477
8594
5126
5498
8848
8264
4845
4967
7368
8106
9334
1277
4846
9190
8558
9577
8190
8129
9274
8355
7822
7025
4179
4838
6935
9529
6288
3393
4478
8530
8367
5504
8243
8376
6809
9016
8985
4064
6085
9392
6287
5951
7952
7209
6810
9649
7042
8869
6257
8193
7041
9367
5100
3567
8426
4334
7695
9074
7499
2028
7547
8877
9737
7311
8325
7568
9204
5086
4105
4742
8492
9499
6017
9449
7597
3122
9510
3307
8137
4460
4787
8968
9473
7408
9944
7517
6972
4968
9305
9817
9401
7027
9211
3148
2445
8844
8656
9216
8786
3605
6369
7124
8943
3672
7226
9597
9862
7412
6868
3984
6992
5889
6460
6608
6175
7986
9389
4908
6974
7346
9215
8726
4143
5383
8494
8979
8175
9400
9705
7631
5139
7413
6798
9654
8784
9852
7683
6403
8509
6675
6164
6061
9207
9528
3242
7716
8130
4926
9784
7412
3172
4611
9320
7206
3015
9958
8170
6288
7241
5626
2406
9855
6992
7502
6877
7696
9201
9340
9110
9525
8023
6926
6565
5887
9072
9073
6639
9507
9417
9744
4633
7350
9416
5114
9591
4772
8766
3940
9074
9667
5895
5911
7015
9882
9889
4833
8277
7975
7418
7112
6956
5850
9926
9062
5410
9744
8151
4321
4865
9944
8684
9978
7824
9436
4390
8387
8498
5831
8071
8562
9923
4534
4794
4810
8451
8771
6409
9084
9051
1474
6050
8216
6992
9160
5343
8195
5218
6705
8042
9393
8685
7990
9099
9202
5750
9015
7276
8897
6648
7119
8140
8975
8242
9308
6924
9228
8438
9005
7553
3150
9662
6486
8416
7269
8788
4211
2524
4276
3508
3552
4911
7928
9568
5849
9539
8420
9698
4565
9509
5349
6771
9519
9000
4961
9213
7636
8898
6880
8200
7256
7605
2681
9083
2928
6553
9150
8508
3789
6103
5733
9553
9172
9792
6451
8052
8617
3472
7445
7366
3727
6397
5787
5012
9110
9921
9305
7378
8475
9000
6268
6652
6102
9768
6746
7778
9692
9543
736
5598
5507
7606
3299
3236
7576
7958
9557
3418
9051
5574
6163
5171
9862
7507
6800
8808
4466
9617
4664
7054
8610
9224
7147
4253
9729
7362
6168
8599
7379
9864
7345
9717
8266
4723
6742
9375
8595
8230
9354
8378
9104
6228
7694
8717
6106
2395
5804
8698
8027
3746
3950
3843
7989
9699
8067
9907
7556
6531
6728
5363
7177
8781
9263
9068
9870
9737
6921
5123
8866
9914
7008
4249
9131
9281
7820
6739
4448
6450
9579
5668
6440
7528
8759
4290
9404
2819
6814
7217
9260
8933
5437
5595
9354
8363
7260
8013
8927
9553
9526
6620
3475
8797
9951
8713
5898
8585
8386
6739
5260
6772
6758
6933
2140
8735
9832
6247
9677
9782
7890
7424
6855
9012
9932
6392
9809
8865
8926
8302
9886
7782
7121
8240
3829
9102
7790
5663
9882
7183
6848
7885
5950
9381
8424
8390
9202
7534
6334
7209
9855
5728
8392
8470
7914
9624
7623
7117
9346
3311
5421
2088
8421
7530
8606
9640
9101
8541
9238
9616
8021
1627
6616
6022
8359
9909
8153
7409
8666
6678
3914
9777
6615
8273
7046
6563
8375
8815
8389
5998
7712
8081
6808
8594
9447
3058
6831
6889
7883
9263
6167
1936
4248
7312
9400
6763
7399
9991
6093
9290
5577
7586
5034
8584
6871
6518
8778
5358
9284
3021
7693
3650
8004
9103
9897
9990
9245
7355
8755
9118
6555
2454
9453
8420
6121
5186
6739
8200
8511
6351
4765
9646
7481
9736
7516
9903
4631
7498
8639
7883
9566
9312
9348
9535
8602
3761
6225
6898
5833
8427
9605
9863
5471
9551
8354
6057
3894
6336
5974
7015
6369
8553
4393
3977
8158
8883
9390
9999
7949
6341
9735
4632
7116
5238
9005
7608
8296
8648
9486
7363
6224
2747
9792
4576
3955
8436
7969
8501
9138
8850
5227
5414
3658
9502
5016
7472
9234
9338
4908
9896
4303
9930
8090
7954
7493
8620
3830
8948
7382
5767
7041
8480
9834
6390
7814
9013
7460
6744
9785
6259
9308
6400
8056
9917
7842
5873
7792
5702
6604
7300
9396
8844
2002
7496
8648
8624
9758
6808
7750
6527
9229
7176
9848
9449
6114
9134
4413
9680
7789
9385
6670
9746
5499
9637
9384
9583
9693
4959
8833
9571
3418
7691
4298
7678
2586
7262
8999
7800
8785
7311
7616
2287
9730
4931
8861
9766
8378
7173
9949
9400
9261
9019
6486
3679
4380
5453
7943
7300
9407
7450
5336
8614
3828
6215
9822
4009
6508
6773
8775
5947
8132
6505
4312
8311
6129
9956
3398
7145
3164
9312
9053
9436
8115
2583
9242
8906
9400
7773
6680
9969
3993
7338
9647
9713
7746
5193
8573
5263
3658
9912
8204
8558
7459
6113
4520
4878
7165
9301
2582
9973
9984
8604
7804
9678
9277
6701
5961
9876
7671
6403
7692
5906
4288
9553
8512
9550
7128
3640
8103
9123
6793
6304
7868
8030
9068
8402
7146
3841
3311
7194
6632
4605
5816
8429
8611
9553
2905
8068
5761
9522
8487
9577
7406
7500
8368
7641
9762
6941
8137
9134
4767
7150
4705
6507
5938
9645
8078
2203
9822
9271
5578
6978
7605
5922
9903
5556
9465
2993
7530
7676
8579
8075
9288
6613
2291
1441
4074
7356
9662
3441
9771
6453
5065
6470
2358
6515
7687
8461
7590
5249
7150
8012
7549
4569
9493
9450
8117
8023
9493
7764
8568
2302
4026
7929
7755
3456
5408
4705
9824
9565
6260
5444
8805
5396
9495
5103
8439
9211
9723
5500
8436
7125
6661
3848
9312
7715
6641
9574
2295
7842
8236
8733
8301
7911
6020
5511
7923
7829
7760
9395
8858
6008
7857
6866
9967
7023
7316
8733
8383
7458
8853
9127
6659
6756
9096
9858
7838
9549
9992
8400
7867
8750
4770
7884
8221
6523
6829
8888
8374
8229
8588
9731
6832
8032
8527
9673
7413
8083
8561
1626
7488
8519
7148
4805
9954
8734
7266
8092
7277
7665
8037
5908
7709
8687
7842
6864
6495
9191
5437
9846
6474
3178
8568
2857
4939
9721
7235
7788
8576
1279
9884
9935
8108
7990
7833
9922
9805
7063
9771
9975
7819
8644
6440
7924
9826
9363
8869
7032
3353
6459
3536
8663
8516
8179
8745
9129
9612
9572
9621
9490
5691
5288
8758
5518
9153
5426
9734
6914
8281
6292
6134
5369
7239
8589
5760
9872
8769
8648
8440
2748
9167
3209
969
9121
8817
8139
9539
9063
6532
6373
8329
6895
8122
9666
6249
7751
9022
6916
5090
8387
8971
3753
7928
3978
7947
7676
7668
4098
8601
8696
7225
3919
3905
9706
8036
9494
9113
9065
8650
8343
7319
5226
5949
7952
5281
8558
8112
9451
8002
8689
8949
9350
9926
1789
9698
8876
9204
8265
5330
1701
6704
7813
9218
2778
9559
6923
9133
7484
3932
8614
9986
8539
9275
9309
6865
8920
7817
9762
9467
9814
8993
6817
9117
9234
4043
5134
7865
9827
9025
6703
7456
4979
9435
9496
7699
8082
8771
9985
8458
7440
1708
9972
1391
5024
3959
9985
7395
8739
8320
8508
6680
5389
6305
4280
8244
7081
9513
5450
9109
7952
7744
7499
8310
8031
4118
8803
7738
9393
8230
9640
6824
7680
2999
4168
3344
4994
6907
6690
5979
9836
6917
8251
8803
5896
8657
7626
8682
8832
9357
7309
8470
9453
7449
7968
7293
9011
6081
9183
4419
8001
6253
8163
5302
8133
9015
7887
8230
8552
5152
7184
7645
6554
7197
5627
7730
6412
7840
7367
9014
9409
9551
5566
9437
8464
7038
6092
9992
4391
9319
8212
9728
4804
7436
2968
9708
9252
4074
6407
6845
7112
8992
2262
9127
6406
7612
9365
7897
8801
9781
4715
5586
6916
7221
4873
4971
9223
8778
3988
9482
5622
8664
9158
7194
9019
8939
9601
9849
9600
3571
9173
9899
3669
9627
8411
7207
9679
5575
5768
9379
7285
7489
9424
9934
6491
9631
6234
9093
4974
7600
5089
9819
9121
7530
7597
8328
8161
4951
5904
8224
9418
6729
5350
7461
8161
9996
8192
4441
9611
5514
8758
6532
8993
9946
7077
7908
7989
2336
9187
7425
6879
8386
6719
8797
5971
9814
7397
4070
9808
8257
7609
9286
7035
5243
8520
8403
3388
6737
9900
2808
3971
8797
7817
6457
5297
8844
8207
9879
3712
8845
8808
9419
9594
6770
9572
9263
6153
7825
7068
8583
8437
8982
7923
8010
8184
7366
9736
9272
6664
4667
8446
7766
7336
9861
4491
7996
6654
9660
7902
5851
2773
7646
7810
7034
8396
7716
5242
7910
5634
9872
7439
8968
8544
8924
8708
9842
6327
9075
7768
5230
8298
6715
6289
8593
8128
9075
5330
9595
7691
7131
8623
6165
9799
9899
7220
7576
7710
3367
6620
9532
7501
9064
9335
8623
5210
8573
8723
7632
6277
6854
9412
9220
9921
9242
6693
7613
8150
7135
8364
8991
9443
8195
5673
7325
7871
6953
8517
9984
8379
9380
6510
5407
7887
9432
3266
9318
5340
9563
5455
1402
8282
8441
8506
6224
8603
8919
6260
1905
6219
8026
9779
7125
6891
7551
8880
5620
6168
7384
9963
7625
8428
4317
6576
9630
9304
7982
8867
9456
8414
8636
5509
5842
8759
8394
5898
6982
9470
9940
3853
2324
8661
9823
7692
7575
9969
5457
8883
4222
4572
9085
7154
8644
9996
7436
8970
7115
4789
9948
8250
9708
9412
9712
3128
9122
8995
9173
9060
7718
5386
7723
6513
6376
9981
7965
3107
8082
5167
9554
5863
3486
9825
9870
7478
9289
8431
8326
9329
4426
7242
5984
7014
8848
8248
8394
9787
9765
9535
4316
7826
5219
8333
6148
6130
4776
7856
9501
8064
9374
6781
6638
3218
8937
7919
7234
3624
7533
7354
7305
9127
8400
7383
4313
5258
5425
8013
9097
1899
7557
9587
2462
7910
5871
7183
9888
7839
9852
8163
4168
8466
9852
3566
8838
4959
9514
8997
8123
7057
6639
8490
6990
8836
8904
5375
3936
8337
4845
4727
7586
6056
8350
9386
9704
8184
6041
6973
9894
8402
9539
7320
9768
7226
2873
8073
9741
8620
6717
9299
9601
7112
8713
6746
4135
7432
8206
9089
3602
6781
8193
7944
3603
3769
8766
9554
8955
6194
8905
9618
9102
9457
6375
8015
9152
6627
7994
9605
5492
7309
5262
8028
4478
7134
8321
7771
8977
5603
4063
7105
9461
6041
8044
9636
8819
4661
8911
7235
3375
7507
9632
9943
9490
9174
3007
9038
7998
3690
9625
9500
5910
5051
3182
8539
5570
6783
4425
8993
4295
6985
9219
3492
8860
9287
8646
8192
6337
3317
7525
7768
8272
8964
5931
8002
9079
9393
6207
4599
8666
5311
4387
9055
5015
8010
6023
8737
9957
7576
9862
7354
9230
7608
3697
9970
8692
3953
2256
7702
9843
9175
8469
7422
8231
8485
5737
9834
9577
9798
9385
8756
9785
7278
9463
9806
9792
6945
6938
5498
5449
7279
8034
8146
9586
9121
6162
6771
9404
6758
4679
9573
9885
5527
8594
9150
5707
9457
7374
8738
7982
6231
9987
9659
9680
1470
3084
8955
7967
9367
8784
6839
3698
9740
8229
9320
9713
6225
9420
2888
9527
8953
9217
8020
6903
6507
8394
8653
9791
9885
8846
9624
9743
7001
9228
8783
9908
8525
3963
8039
9086
9464
9650
7443
6754
6199
6895
5641
6130
9823
5028
9262
4056
4294
3284
5913
9076
9894
8224
3277
6152
7374
9473
9678
4154
6117
9414
4944
7946
9846
8792
9172
8431
6805
8080
9430
9831
5331
8759
9431
9125
7673
7482
5978
7102
4088
8694
6978
7692
7279
8179
3667
4753
7420
6465
9032
9087
8130
7146
7975
8877
8948
8451
9496
6172
4356
9767
9973
2734
8682
7251
7362
9759
9009
3969
9705
7126
2360
9453
7853
4930
8601
7809
9498
8029
8997
9827
9673
4696
8917
8544
4205
5368
9608
8268
8877
9083
8993
8388
4256
7043
7185
9731
9916
9182
6560
5936
6678
9178
7427
9850
6685
9615
9280
7693
8199
8560
9354
9122
9805
9708
8736
6163
8047
7314
5900
3807
9062
7813
9359
7822
9417
9817
8563
5037
8608
9716
6179
7145
4191
9731
5769
7762
9730
6839
9913
8167
9282
9223
4842
9734
7098
9471
8052
2643
6636
9081
8981
9350
8540
9191
7381
7017
8227
5020
2676
6669
5262
9608
7623
5079
6252
9204
8434
9656
7829
7851
9628
9591
8058
4641
9054
7517
4640
3518
9828
7878
9016
5790
8937
9864
7106
8282
7043
9402
8451
9878
3379
4579
8816
7764
9609
6462
9442
5574
9745
9399
3452
3895
9370
2935
9502
8563
9019
7895
9692
4414
2357
9668
2844
9264
6067
9129
6488
8901
8094
6304
8046
7351
7926
4054
7623
8473
9927
7454
9802
6267
7972
6119
8318
5023
4351
6642
8630
3754
9262
9018
7106
9489
7129
5718
9205
8611
7554
5579
5376
5227
7760
7136
7440
5046
5623
6742
8217
8378
6626
5532
9038
8509
9988
5470
8570
7555
8718
7826
7154
2841
5384
9359
9917
5924
8154
4701
8698
9145
6840
7268
9975
9568
5507
6159
5109
8069
8399
6215
8655
7083
4744
8771
5229
9167
8629
6385
1080
7765
5963
5047
5619
8543
9168
6570
9603
6214
7710
7768
7448
5545
9818
8700
9827
7043
6137
6631
7969
9181
7747
9569
5779
9026
6106
6562
8843
8765
3924
5616
8160
5660
9743
8967
8645
9053
7998
9404
2574
9890
9999
8935
9501
7113
4807
6381
6617
8733
9055
6674
6507
9174
4954
6430
9540
8632
8218
7079
8886
5631
8300
9498
4437
8002
9861
4249
8944
9702
7827
9969
8708
8149
4791
3657
7138
9795
9477
6266
8468
9860
8552
9839
8453
5381
9400
8656
8673
8612
6641
9959
6646
8828
9200
9774
7159
9392
6009
9861
6957
6271
6785
9884
9999
7750
7725
5554
8164
7974
8402
9034
6345
9642
8805
7550
9272
9787
8488
8767
7102
9969
6641
9081
8943
8816
6394
9573
6714
6412
9806
1645
4194
9468
9796
6129
9439
9199
9008
8339
9996
9742
7021
9760
5165
6247
6375
7872
9732
7502
6962
7416
9822
7749
7181
8356
7885
7614
6394
9349
8263
6127
3696
8992
9166
7008
7593
9800
8753
9207
4576
4957
8379
4127
8421
5283
7831
5407
4215
9970
9526
7671
7130
9077
6109
6572
6222
8264
9216
3670
9634
3062
8693
6050
9971
8455
9362
6902
9702
9930
7170
9193
6563
3982
5593
8148
4778
5861
3531
8232
5960
8094
8643
9430
4712
8045
9291
7801
4163
9047
7670
8261
5693
4001
8964
8048
7349
8203
9382
9294
6430
9076
8080
8510
9152
7969
6329
5078
9683
6145
8443
9086
8251
5270
7974
8189
4383
6686
6981
9125
7562
9230
7508
9277
9812
8786
3503
5956
7815
9082
8916
9333
6333
6650
9079
5670
5551
9443
5157
7653
8800
6936
9556
8466
7032
8204
6087
8143
3143
9063
9520
8260
9319
6714
4487
5928
9177
9469
8929
9613
6262
9047
6303
7230
6829
8232
7499
9499
3012
9739
5640
9415
7899
7329
7303
7453
6854
9882
9524
9228
9985
9983
9382
3146
8996
9093
8959
4965
9661
4514
9532
4878
4752
6610
8610
9059
6937
8956
2854
7580
8546
5241
9140
5247
8625
7250
6529
9917
5284
6807
9594
7822
7479
5831
5633
8785
9110
8814
6921
4765
7785
9347
5984
7796
6693
9074
6115
9324
9541
8386
5549
9162
8664
6741
9474
4988
2809
8144
6798
8106
7016
7977
3495
5212
5741
6883
6701
7705
6470
9249
9797
9910
9098
8514
9433
9546
6196
4929
9303
7414
9300
7339
7655
4132
9390
5218
9995
4098
8244
4787
5475
7903
6738
7809
4211
7701
9547
6164
9066
9231
3319
6121
4765
8305
8686
9428
7017
9983
8582
6119
7564
9105
7005
6930
7547
6708
3694
6014
8603
7298
4595
9314
4067
8830
8937
6089
9881
8051
6918
8442
5922
7768
3658
7125
7523
8047
9327
9159
6195
8707
9177
7237
3681
9199
6758
7927
9903
5920
6971
9723
9846
8917
7201
9995
3434
5869
5505
5256
9472
6942
9522
8032
9444
2680
7727
9463
6117
6533
6211
9325
6689
7339
4717
7195
8615
9962
4882
9145
8704
6859
7357
8613
8947
9981
2119
6427
5198
8622
8035
9821
8500
7376
9610
2760
9645
6255
9302
7249
6126
7127
8066
4816
6651
5066
8755
8879
4339
2592
8488
8552
5452
8030
9544
4842
9835
6219
9331
6385
3350
6476
8969
9461
4295
5746
4829
8910
6756
9368
4134
8036
3602
9404
7930
9152
9712
9670
8178
9446
6309
3423
7891
8035
7439
9924
9811
9311
9409
8422
4854
7947
6682
8297
6920
7557
6679
6873
5393
4732
6130
7748
8068
6980
3509
9437
9583
1397
4642
8274
3958
5724
5875
7841
9552
7654
7696
9116
9603
5892
6339
9573
8555
4724
9834
6446
7955
9793
9484
7747
7263
9496
9367
6423
9544
3061
7230
3715
6491
7799
7890
9606
7230
9304
6998
9836
9852
7494
8632
5936
9856
3592
6894
8085
6660
6486
4532
5423
9545
8236
7601
5672
5830
8239
9305
9658
3812
9443
8592
9142
9830
8142
9073
8514
9765
7906
7994
8625
7574
9375
6480
9288
7826
8867
9370
9263
5284
5217
5411
7240
6632
9418
5189
7088
9272
6277
7021
6204
9842
8657
7272
4898
8946
9239
7511
3216
8725
4283
9591
9817
9587
2660
6479
7116
4526
7448
7549
5688
5281
9887
7532
9125
7679
8989
4487
8758
9388
7721
9710
4872
9738
9192
6534
9467
7090
8265
2783
9801
9510
5961
3586
9933
4004
7143
2912
6846
3722
7722
9297
7239
6914
3479
6462
5565
8978
9240
8159
5502
7046
7252
7989
6959
6178
4836
8916
7481
9413
4706
7972
8228
8095
7083
9913
8369
4631
5061
9282
9210
7512
8107
9578
5937
3525
5123
8331
9711
9273
2558
9178
7490
9969
6996
6514
7450
4177
7443
9381
6100
8711
9206
9370
9509
9352
8961
8627
8883
9447
7250
5710
9632
9552
5399
8833
8408
7536
7292
8521
5723
5318
2015
7052
4374
8139
6537
3588
9643
9613
9490
3658
4455
6453
9562
5410
5521
8308
6144
5337
8709
8271
8218
8405
9024
6658
9737
6500
4818
9132
9998
5904
4048
4520
7881
8245
9754
8271
7480
6437
8496
8474
9799
9931
4477
7719
9477
4121
7972
5969
9330
8403
9552
7538
5248
9244
3822
4977
8963
9489
3842
8806
5749
7319
9738
9735
5006
9777
7743
2443
9201
7493
6137
8234
8133
8497
8786
6152
4609
7184
9836
9633
8833
8314
6238
2477
4559
7983
3475
8520
9326
9795
7889
9702
3838
9977
8910
8973
3946
9102
7161
7825
8716
9916
5711
9152
5829
5790
7780
1965
6947
8073
8324
6058
6029
9462
5063
6761
8515
9987
9179
6529
8446
8009
4404
3394
9309
8978
6057
7436
7631
8324
6804
6889
7869
7412
9919
6464
5707
7804
5747
7209
8331
6254
6066
9922
9375
9348
6089
6942
8299
8971
8671
9085
9294
4824
5713
9624
7955
6676
4790
2515
9676
8453
5628
6345
8729
8947
9756
9253
9181
9434
7195
4989
9224
7121
9356
8208
8122
5692
6528
7946
6794
3047
9636
8432
7276
4616
9676
7592
9522
5279
4038
7100
9342
7329
7902
5411
4382
5602
6544
6956
7227
5276
5931
2969
9328
9674
9534
6308
9682
7957
7418
8572
8498
9702
5034
7503
9150
4376
6062
8901
7100
8397
5518
9431
6277
9458
8523
9859
5895
9029
8411
2778
4311
4754
9367
8664
6106
9200
5529
9128
6909
7478
5810
9427
6551
5800
7938
7776
8861
9014
7302
6916
5646
9801
8658
4277
6581
8689
7544
8408
9858
5765
7987
7753
7980
9425
9294
8869
6846
4862
8362
4334
9399
2709
9164
7073
9787
6351
9495
4716
6337
3971
6721
6337
8557
6438
9144
4490
8773
6735
7741
5840
9405
9083
7568
7489
8681
9888
9640
8977
1205
3040
8797
9841
9784
8693
5445
6589
4634
7028
3727
8362
9650
8921
7689
5487
8224
7346
9626
9763
8661
8104
3367
9946
3416
9890
9727
4001
9997
7717
5573
9176
9025
9283
9298
2545
9527
9534
6392
9843
8416
7802
9834
7580
7312
7019
3745
9424
9172
8990
6422
9204
9218
9042
6959
8856
9071
4494
7681
6969
9960
720
9974
9827
7842
8569
9957
2113
8363
9446
6050
7823
3087
6205
9622
6451
6740
5553
8490
5706
7310
7753
6223
7659
9230
8050
4753
5728
9841
9983
8974
6867
9010
8759
9357
5878
6872
5228
4506
9317
6496
7453
9350
9227
5183
9095
8853
7792
5313
5272
9631
9932
9419
9454
9357
9574
7018
9404
8486
9036
9798
7671
8797
5928
9098
9781
9387
8672
9895
4825
5655
7613
4980
9141
8347
9380
9844
8406
8645
3920
9064
7724
5952
3970
7456
9818
6415
7342
7577
8674
8934
9191
5146
9818
6339
8261
9706
8212
9769
6424
8381
6149
3853
6802
4863
5750
9923
9179
4764
8444
9772
7157
3870
8918
8757
7276
6133
8434
9943
6288
6237
7264
9786
9137
9684
4377
3274
7328
9627
9001
5992
2481
9948
6932
4979
6213
8479
7555
7736
7580
9903
5155
7769
6603
8760
6879
5539
8776
8469
8996
9114
8170
9079
9185
9537
9495
6025
7679
9915
9463
8272
8533
9577
9778
8437
9064
9037
5374
8283
3585
8918
4647
7845
8112
9501
8081
5266
9474
8092
8569
9542
8030
7883
9355
9138
4684
6027
9799
8381
7949
5411
6318
9453
9793
9527
7520
6006
4621
9153
2902
7745
7584
5553
9641
6980
5713
7020
8257
8932
6154
8538
7610
9591
9131
3559
9834
5833
9977
9722
5868
5302
5452
5758
3911
8377
8580
1763
4972
6749
8517
7925
8961
9632
6977
7484
9767
7569
6036
8892
5056
7935
9624
7983
8018
5130
8327
6441
5809
8984
5423
4773
7069
9825
6572
3750
7343
9790
9038
7566
8809
7210
2714
8834
9007
9248
6583
5267
8737
8262
6973
8987
1776
6813
5571
7677
8929
9798
9346
9643
5478
8305
8303
6735
9109
8519
8733
7080
7946
9023
9779
9729
5003
9615
9642
9149
8673
9405
8403
